Begin Map
	Begin Level Name=/Game/M15F
	Begin Actor Class=Brush Name=BigAdditiveBrush
		Begin Object Name="BrushComponent0"
			RelativeLocation=(X=495.999750,Y=2864.000000,Z=-4500.000000)
		End Object
		BrushType=Brush_Add
		Begin Brush Name=Model_6
			Begin PolyList
				Begin Polygon Item=Side LightMapScale=2048.0 Link=0
					Origin   +00000.000000,+00000.000000,+00000.000000
					Normal   -00001.000000,+00000.000000,+00000.000000
					TextureU +00000.000000,+00001.000000,+00000.000000
					TextureV +00000.000000,+00000.000000,-00001.000000
					Vertex   -07380.000250,-08148.000000,-06608.000000
					Vertex   -07380.000250,-08148.000000,+06608.000000
					Vertex   -07380.000250,+08148.000000,+06608.000000
					Vertex   -07380.000250,+08148.000000,-06608.000000
				End Polygon
				Begin Polygon Item=Side LightMapScale=2048.0 Link=1
					Origin   +00000.000000,+00000.000000,+00000.000000
					Normal   +00000.000000,+00001.000000,+00000.000000
					TextureU +00001.000000,+00000.000000,+00000.000000
					TextureV +00000.000000,+00000.000000,-00001.000000
					Vertex   -07380.000250,+08148.000000,-06608.000000
					Vertex   -07380.000250,+08148.000000,+06608.000000
					Vertex   +07380.000250,+08148.000000,+06608.000000
					Vertex   +07380.000250,+08148.000000,-06608.000000
				End Polygon
				Begin Polygon Item=Side LightMapScale=2048.0 Link=2
					Origin   +00000.000000,+00000.000000,+00000.000000
					Normal   +00001.000000,+00000.000000,+00000.000000
					TextureU +00000.000000,-00001.000000,+00000.000000
					TextureV +00000.000000,+00000.000000,-00001.000000
					Vertex   +07380.000250,+08148.000000,-06608.000000
					Vertex   +07380.000250,+08148.000000,+06608.000000
					Vertex   +07380.000250,-08148.000000,+06608.000000
					Vertex   +07380.000250,-08148.000000,-06608.000000
				End Polygon
				Begin Polygon Item=Side LightMapScale=2048.0 Link=3
					Origin   +00000.000000,+00000.000000,+00000.000000
					Normal   +00000.000000,-00001.000000,+00000.000000
					TextureU -00001.000000,+00000.000000,+00000.000000
					TextureV +00000.000000,+00000.000000,-00001.000000
					Vertex   +07380.000250,-08148.000000,-06608.000000
					Vertex   +07380.000250,-08148.000000,+06608.000000
					Vertex   -07380.000250,-08148.000000,+06608.000000
					Vertex   -07380.000250,-08148.000000,-06608.000000
				End Polygon
				Begin Polygon Item=Side LightMapScale=2048.0 Link=4
					Origin   +00000.000000,+00000.000000,+00000.000000
					Normal   +00000.000000,+00000.000000,+00001.000000
					TextureU +00001.000000,+00000.000000,+00000.000000
					TextureV +00000.000000,+00001.000000,+00000.000000
					Vertex   -07380.000250,+08148.000000,+06608.000000
					Vertex   -07380.000250,-08148.000000,+06608.000000
					Vertex   +07380.000250,-08148.000000,+06608.000000
					Vertex   +07380.000250,+08148.000000,+06608.000000
				End Polygon
				Begin Polygon Item=Side LightMapScale=2048.0 Link=5
					Origin   +00000.000000,+00000.000000,+00000.000000
					Normal   +00000.000000,+00000.000000,-00001.000000
					TextureU +00001.000000,+00000.000000,+00000.000000
					TextureV +00000.000000,-00001.000000,+00000.000000
					Vertex   -07380.000250,-08148.000000,-06608.000000
					Vertex   -07380.000250,+08148.000000,-06608.000000
					Vertex   +07380.000250,+08148.000000,-06608.000000
					Vertex   +07380.000250,-08148.000000,-06608.000000
				End Polygon
			End PolyList
		End Brush
		Brush=Model'Model_6'
		BrushComponent=BrushComponent0
		ActorLabel="BigAdditiveBrush"
	End Actor
	Begin Actor Class=Note Name=LevelInfo0_Note
		Begin Object Class=SceneComponent Name="SceneComp"
		End Object
		Begin Object Name="SceneComp"
			RelativeLocation=(X=0.000000,Y=0.000000,Z=0.000000)
		End Object
		Text="Author: Christopher 'Chrustec' Glerum Title: M15 - The Moon Base"
		RootComponent=SceneComp
		SpriteScale=4.0
		ActorLabel="LevelInfo0_Note"
	End Actor
	Begin Actor Class=Note Name=DefaultPhysicsVolume23_DefaultPhysicsVolume
		Begin Object Class=SceneComponent Name="SceneComp"
		End Object
		Begin Object Name="SceneComp"
			RelativeLocation=(X=0.000000,Y=0.000000,Z=0.000000)
		End Object
		Text="Unconverted: DefaultPhysicsVolume"
		RootComponent=SceneComp
		ActorLabel="DefaultPhysicsVolume23_DefaultPhysicsVolume"
		Tags(0)="DefaultPhysicsVolume"
	End Actor
	Begin Actor Class=Note Name=DialHomeDevice2_DialHomeDevice
		Begin Object Class=SceneComponent Name="SceneComp"
		End Object
		Begin Object Name="SceneComp"
			RelativeLocation=(X=2091.107000,Y=5270.063000,Z=-7932.747000)
			RelativeRotation=(Pitch=0.000000,Yaw=-90.000000,Roll=0.000000)
		End Object
		Text="Unconverted: DialHomeDevice"
		RootComponent=SceneComp
		ActorLabel="DialHomeDevice2_DialHomeDevice"
		Tags(0)="DialHomeDevice"
	End Actor
	Begin Actor Class=TriggerVolume Name=ScriptedTrigger15_ScriptedTrigger
		Begin Object Name="BrushComponent0"
			RelativeLocation=(X=927.730000,Y=5255.876000,Z=-7448.000000)
		End Object
		BrushType=Brush_Add
		Begin Brush Name=Model_6
			Begin PolyList
				Begin Polygon Item=Side Link=0
					Origin   -00016.568542,-00040.000000,-00020.000000
					Normal   -00001.000000,+00000.000000,+00000.000000
					TextureU +00000.000000,+00001.000000,+00000.000000
					TextureV +00000.000000,+00000.000000,-00001.000000
					Vertex   -00016.568542,-00040.000000,-00020.000000
					Vertex   -00016.568542,-00040.000000,+00020.000000
					Vertex   -00040.000000,-00016.568542,+00020.000000
					Vertex   -00040.000000,-00016.568542,-00020.000000
				End Polygon
				Begin Polygon Item=Side Link=1
					Origin   -00040.000000,-00016.568542,-00020.000000
					Normal   -00001.000000,+00000.000000,+00000.000000
					TextureU +00000.000000,+00001.000000,+00000.000000
					TextureV +00000.000000,+00000.000000,-00001.000000
					Vertex   -00040.000000,-00016.568542,-00020.000000
					Vertex   -00040.000000,-00016.568542,+00020.000000
					Vertex   -00040.000000,+00016.568542,+00020.000000
					Vertex   -00040.000000,+00016.568542,-00020.000000
				End Polygon
				Begin Polygon Item=Side Link=2
					Origin   -00040.000000,+00016.568542,-00020.000000
					Normal   -00001.000000,+00000.000000,+00000.000000
					TextureU +00000.000000,+00001.000000,+00000.000000
					TextureV +00000.000000,+00000.000000,-00001.000000
					Vertex   -00040.000000,+00016.568542,-00020.000000
					Vertex   -00040.000000,+00016.568542,+00020.000000
					Vertex   -00016.568542,+00040.000000,+00020.000000
					Vertex   -00016.568542,+00040.000000,-00020.000000
				End Polygon
				Begin Polygon Item=Side Link=3
					Origin   -00016.568542,+00040.000000,-00020.000000
					Normal   -00001.000000,+00000.000000,+00000.000000
					TextureU +00000.000000,+00001.000000,+00000.000000
					TextureV +00000.000000,+00000.000000,-00001.000000
					Vertex   -00016.568542,+00040.000000,-00020.000000
					Vertex   -00016.568542,+00040.000000,+00020.000000
					Vertex   +00016.568542,+00040.000000,+00020.000000
					Vertex   +00016.568542,+00040.000000,-00020.000000
				End Polygon
				Begin Polygon Item=Side Link=4
					Origin   +00016.568542,+00040.000000,-00020.000000
					Normal   -00001.000000,+00000.000000,+00000.000000
					TextureU +00000.000000,+00001.000000,+00000.000000
					TextureV +00000.000000,+00000.000000,-00001.000000
					Vertex   +00016.568542,+00040.000000,-00020.000000
					Vertex   +00016.568542,+00040.000000,+00020.000000
					Vertex   +00040.000000,+00016.568542,+00020.000000
					Vertex   +00040.000000,+00016.568542,-00020.000000
				End Polygon
				Begin Polygon Item=Side Link=5
					Origin   +00040.000000,+00016.568542,-00020.000000
					Normal   -00001.000000,+00000.000000,+00000.000000
					TextureU +00000.000000,+00001.000000,+00000.000000
					TextureV +00000.000000,+00000.000000,-00001.000000
					Vertex   +00040.000000,+00016.568542,-00020.000000
					Vertex   +00040.000000,+00016.568542,+00020.000000
					Vertex   +00040.000000,-00016.568542,+00020.000000
					Vertex   +00040.000000,-00016.568542,-00020.000000
				End Polygon
				Begin Polygon Item=Side Link=6
					Origin   +00040.000000,-00016.568542,-00020.000000
					Normal   -00001.000000,+00000.000000,+00000.000000
					TextureU +00000.000000,+00001.000000,+00000.000000
					TextureV +00000.000000,+00000.000000,-00001.000000
					Vertex   +00040.000000,-00016.568542,-00020.000000
					Vertex   +00040.000000,-00016.568542,+00020.000000
					Vertex   +00016.568542,-00040.000000,+00020.000000
					Vertex   +00016.568542,-00040.000000,-00020.000000
				End Polygon
				Begin Polygon Item=Side Link=7
					Origin   +00016.568542,-00040.000000,-00020.000000
					Normal   -00001.000000,+00000.000000,+00000.000000
					TextureU +00000.000000,+00001.000000,+00000.000000
					TextureV +00000.000000,+00000.000000,-00001.000000
					Vertex   +00016.568542,-00040.000000,-00020.000000
					Vertex   +00016.568542,-00040.000000,+00020.000000
					Vertex   -00016.568542,-00040.000000,+00020.000000
					Vertex   -00016.568542,-00040.000000,-00020.000000
				End Polygon
				Begin Polygon Item=Side Link=8
					Origin   +00016.568542,-00040.000000,+00020.000000
					Normal   -00001.000000,+00000.000000,+00000.000000
					TextureU +00000.000000,+00001.000000,+00000.000000
					TextureV +00000.000000,+00000.000000,-00001.000000
					Vertex   +00016.568542,-00040.000000,+00020.000000
					Vertex   +00040.000000,-00016.568542,+00020.000000
					Vertex   +00040.000000,+00016.568542,+00020.000000
					Vertex   +00016.568542,+00040.000000,+00020.000000
					Vertex   -00016.568542,+00040.000000,+00020.000000
					Vertex   -00040.000000,+00016.568542,+00020.000000
					Vertex   -00040.000000,-00016.568542,+00020.000000
					Vertex   -00016.568542,-00040.000000,+00020.000000
				End Polygon
				Begin Polygon Item=Side Link=9
					Origin   -00016.568542,-00040.000000,-00020.000000
					Normal   -00001.000000,+00000.000000,+00000.000000
					TextureU +00000.000000,+00001.000000,+00000.000000
					TextureV +00000.000000,+00000.000000,-00001.000000
					Vertex   -00016.568542,-00040.000000,-00020.000000
					Vertex   -00040.000000,-00016.568542,-00020.000000
					Vertex   -00040.000000,+00016.568542,-00020.000000
					Vertex   -00016.568542,+00040.000000,-00020.000000
					Vertex   +00016.568542,+00040.000000,-00020.000000
					Vertex   +00040.000000,+00016.568542,-00020.000000
					Vertex   +00040.000000,-00016.568542,-00020.000000
					Vertex   +00016.568542,-00040.000000,-00020.000000
				End Polygon
			End PolyList
		End Brush
		Brush=Model'Model_6'
		BrushComponent=BrushComponent0
		ActorLabel="ScriptedTrigger15_ScriptedTrigger"
		Tags(0)="ScriptedTrigger"
	End Actor
	Begin Actor Class=Note Name=SE_HeatShimmer_0_SE_HeatShimmer_01
		Begin Object Class=SceneComponent Name="SceneComp"
		End Object
		Begin Object Name="SceneComp"
			RelativeLocation=(X=889.870100,Y=5251.372000,Z=-7564.604000)
		End Object
		Text="Unconverted: SE_HeatShimmer_01"
		RootComponent=SceneComp
		ActorLabel="SE_HeatShimmer_0_SE_HeatShimmer_01"
		Tags(0)="SE_HeatShimmer_01"
	End Actor
	Begin Actor Class=PostProcessVolume Name=ZoneInfo19
		Begin Object Name="BrushComponent0"
			RelativeLocation=(X=3026.159000,Y=5191.283000,Z=-7500.000000)
			RelativeScale3D=(X=5.000000,Y=5.000000,Z=5.000000)
		End Object
		BrushType=Brush_Add
		Begin Brush Name=Model_6
			Begin PolyList
				Begin Polygon Item=Side Link=0
					Origin   +00000.000000,+00000.000000,+00000.000000
					Normal   -00001.000000,+00000.000000,+00000.000000
					TextureU +00000.000000,+00001.000000,+00000.000000
					TextureV +00000.000000,+00000.000000,-00001.000000
					Vertex   -00200.000000,-00200.000000,-00200.000000
					Vertex   -00200.000000,-00200.000000,+00200.000000
					Vertex   -00200.000000,+00200.000000,+00200.000000
					Vertex   -00200.000000,+00200.000000,-00200.000000
				End Polygon
				Begin Polygon Item=Side Link=1
					Origin   +00000.000000,+00000.000000,+00000.000000
					Normal   +00000.000000,+00001.000000,+00000.000000
					TextureU +00001.000000,+00000.000000,+00000.000000
					TextureV +00000.000000,+00000.000000,-00001.000000
					Vertex   -00200.000000,+00200.000000,-00200.000000
					Vertex   -00200.000000,+00200.000000,+00200.000000
					Vertex   +00200.000000,+00200.000000,+00200.000000
					Vertex   +00200.000000,+00200.000000,-00200.000000
				End Polygon
				Begin Polygon Item=Side Link=2
					Origin   +00000.000000,+00000.000000,+00000.000000
					Normal   +00001.000000,+00000.000000,+00000.000000
					TextureU +00000.000000,-00001.000000,+00000.000000
					TextureV +00000.000000,+00000.000000,-00001.000000
					Vertex   +00200.000000,+00200.000000,-00200.000000
					Vertex   +00200.000000,+00200.000000,+00200.000000
					Vertex   +00200.000000,-00200.000000,+00200.000000
					Vertex   +00200.000000,-00200.000000,-00200.000000
				End Polygon
				Begin Polygon Item=Side Link=3
					Origin   +00000.000000,+00000.000000,+00000.000000
					Normal   +00000.000000,-00001.000000,+00000.000000
					TextureU -00001.000000,+00000.000000,+00000.000000
					TextureV +00000.000000,+00000.000000,-00001.000000
					Vertex   +00200.000000,-00200.000000,-00200.000000
					Vertex   +00200.000000,-00200.000000,+00200.000000
					Vertex   -00200.000000,-00200.000000,+00200.000000
					Vertex   -00200.000000,-00200.000000,-00200.000000
				End Polygon
				Begin Polygon Item=Side Link=4
					Origin   +00000.000000,+00000.000000,+00000.000000
					Normal   +00000.000000,+00000.000000,+00001.000000
					TextureU +00001.000000,+00000.000000,+00000.000000
					TextureV +00000.000000,+00001.000000,+00000.000000
					Vertex   -00200.000000,+00200.000000,+00200.000000
					Vertex   -00200.000000,-00200.000000,+00200.000000
					Vertex   +00200.000000,-00200.000000,+00200.000000
					Vertex   +00200.000000,+00200.000000,+00200.000000
				End Polygon
				Begin Polygon Item=Side Link=5
					Origin   +00000.000000,+00000.000000,+00000.000000
					Normal   +00000.000000,+00000.000000,-00001.000000
					TextureU +00001.000000,+00000.000000,+00000.000000
					TextureV +00000.000000,-00001.000000,+00000.000000
					Vertex   -00200.000000,-00200.000000,-00200.000000
					Vertex   -00200.000000,+00200.000000,-00200.000000
					Vertex   +00200.000000,+00200.000000,-00200.000000
					Vertex   +00200.000000,-00200.000000,-00200.000000
				End Polygon
			End PolyList
		End Brush
		Brush=Model'Model_6'
		BrushComponent=BrushComponent0
	bUnbound=false
	Settings=(bOverride_AmbientCubemapTint=True,bOverride_AmbientCubemapIntensity=True,AmbientCubemapTint=(R=0.09368777,G=0.09411765,B=0.081937715,A=1.0),AmbientCubemapIntensity=2.50000,IndirectLightingIntensity=2.00000,AmbientCubemap=TextureCube'/Game/RestrictedAssets/Environments/Liandri/Materials/LightFunctions/Cubemap_DappledLight01.Cubemap_DappledLight01')
		ActorLabel="ZoneInfo19"
		Tags(0)="ZoneInfo"
	End Actor
	Begin Actor Class=AmbientSound Name=AmbientSound51_AmbientSound
		Begin Object Class=AudioComponent Name="AudioComponent0"
		End Object
		Begin Object Name="AudioComponent0"
			bOverrideAttenuation=True
			AttenuationOverrides=(DistanceAlgorithm=ATTENUATION_Linear,FalloffDistance=12000.0,AttenuationShapeExtents=(X=500.0,Y=0.0,Z=0.0))
			Sound=SoundCue'/Game/Sounds/M15_sounds/ambienceloops_M15_intship_bg1_Cue.ambienceloops_M15_intship_bg1_Cue'
			VolumeMultiplier=0.11764705882352941
			PitchMultiplier=1.0
			RelativeLocation=(X=2649.086000,Y=4438.109000,Z=-7270.000000)
		End Object
		AudioComponent=AudioComponent0
		RootComponent=AudioComponent0
		ActorLabel="AmbientSound51_AmbientSound"
		Tags(0)="AmbientSound"
	End Actor
	Begin Actor Class=AmbientSound Name=AmbientSound52_AmbientSound
		Begin Object Class=AudioComponent Name="AudioComponent0"
		End Object
		Begin Object Name="AudioComponent0"
			bOverrideAttenuation=True
			AttenuationOverrides=(DistanceAlgorithm=ATTENUATION_Linear,FalloffDistance=12000.0,AttenuationShapeExtents=(X=500.0,Y=0.0,Z=0.0))
			Sound=SoundCue'/Game/Sounds/M15_sounds/ambienceloops_M15_intship_bg1_Cue.ambienceloops_M15_intship_bg1_Cue'
			VolumeMultiplier=0.11764705882352941
			PitchMultiplier=1.0
			RelativeLocation=(X=2644.961000,Y=6167.281000,Z=-7878.000000)
		End Object
		AudioComponent=AudioComponent0
		RootComponent=AudioComponent0
		ActorLabel="AmbientSound52_AmbientSound"
		Tags(0)="AmbientSound"
	End Actor
	Begin Actor Class=Note Name=SoundTrigger2_GateExitTrig1
		Begin Object Class=SceneComponent Name="SceneComp"
		End Object
		Begin Object Name="SceneComp"
			RelativeLocation=(X=890.262500,Y=5348.217000,Z=-7720.000000)
		End Object
		Text="Unconverted: SoundTrigger"
		RootComponent=SceneComp
		ActorLabel="SoundTrigger2_GateExitTrig1"
		Tags(0)="GateExitTrig1"
	End Actor
	Begin Actor Class=Note Name=SoundTrigger0_GateExitTrig2
		Begin Object Class=SceneComponent Name="SceneComp"
		End Object
		Begin Object Name="SceneComp"
			RelativeLocation=(X=889.983200,Y=5143.273000,Z=-7720.000000)
		End Object
		Text="Unconverted: SoundTrigger"
		RootComponent=SceneComp
		ActorLabel="SoundTrigger0_GateExitTrig2"
		Tags(0)="GateExitTrig2"
	End Actor
	Begin Actor Class=Note Name=CoverInfo14_CoverInfo
		Begin Object Class=SceneComponent Name="SceneComp"
		End Object
		Begin Object Name="SceneComp"
			RelativeLocation=(X=1570.887000,Y=4799.828000,Z=-7936.000000)
			RelativeRotation=(Pitch=-0.005493,Yaw=-179.994507,Roll=0.000000)
		End Object
		Text="Unconverted: CoverInfo"
		RootComponent=SceneComp
		ActorLabel="CoverInfo14_CoverInfo"
		Tags(0)="CoverInfo"
	End Actor
	Begin Actor Class=Note Name=CoverInfo15_CoverInfo
		Begin Object Class=SceneComponent Name="SceneComp"
		End Object
		Begin Object Name="SceneComp"
			RelativeLocation=(X=1753.002000,Y=5861.389000,Z=-7936.000000)
			RelativeRotation=(Pitch=-0.005493,Yaw=-179.994507,Roll=0.000000)
		End Object
		Text="Unconverted: CoverInfo"
		RootComponent=SceneComp
		ActorLabel="CoverInfo15_CoverInfo"
		Tags(0)="CoverInfo"
	End Actor
	Begin Actor Class=PointLight Name=Spotlight36_Spotlight
		Begin Object Class=PointLightComponent Name="LightComponent0"
		End Object
		Begin Object Name="LightComponent0"
			bUseInverseSquaredFalloff=False
			LightFalloffExponent=1.9
			AttenuationRadius=2816.0
			SourceRadius=128.0
			LightColor=(B=126.99999,G=190.24706,R=255.0,A=255.0)
			Intensity=70.0
			Mobility=Static
			RelativeLocation=(X=1791.208000,Y=5879.155000,Z=-7098.000000)
			RelativeRotation=(Pitch=-28.723755,Yaw=-149.122925,Roll=-16.051025)
		End Object
		LightEffect=NewEnumerator0
		LightType=NewEnumerator1
		LightComponent="LightComponent0"
		RootComponent="LightComponent0"
		ActorLabel="Spotlight36_Spotlight"
		Tags(0)="Spotlight"
	End Actor
	Begin Actor Class=Note Name=12a_01_n,State=IMSTATE_AMBIENT,TypeStart=True,TypeEnd=False,TypeLoop=False,Transition=((Filename=12a_02_n,TransitionIndex=0),(Filename=12a_02_nc,TransitionIndex=0)),TransitionFlags=0,TestedValue=0),(Segment_IMusicActorA
		Begin Object Class=SceneComponent Name="SceneComp"
		End Object
		Begin Object Name="SceneComp"
			RelativeLocation=(X=403.076000,Y=4717.372000,Z=-6822.000000)
		End Object
		Text="Unconverted: IMusicActor"
		RootComponent=SceneComp
		SpriteScale=2.0
		ActorLabel="12a_01_n,State=IMSTATE_AMBIENT,TypeStart=True,TypeEnd=False,TypeLoop=False,Transition=((Filename=12a_02_n,TransitionIndex=0),(Filename=12a_02_nc,TransitionIndex=0)),TransitionFlags=0,TestedValue=0),(Segment_IMusicActorA"
		Tags(0)="IMusicActorA"
	End Actor
	Begin Actor Class=TriggerVolume Name=ScriptedTrigger10_gotocombatmusic
		Begin Object Name="BrushComponent0"
			RelativeLocation=(X=417.014500,Y=4887.462000,Z=-6798.000000)
		End Object
		BrushType=Brush_Add
		Begin Brush Name=Model_6
			Begin PolyList
				Begin Polygon Item=Side Link=0
					Origin   -00036.981812,-00020.402273,-00022.149705
					Normal   +00000.157074,-00000.024980,-00000.987271
					TextureU +00000.987579,+00000.000000,+00000.157126
					TextureV -00000.004057,-00000.999688,+00000.024649
					Vertex   -00036.981812,-00020.402273,-00022.149705
					Vertex   -00036.819515,+00019.585245,-00023.135646
					Vertex   -00009.998647,+00018.996786,-00042.587155
					Vertex   -00010.160945,-00020.990732,-00041.601214
				End Polygon
				Begin Polygon Item=Side Link=1
					Origin   -00010.160945,-00020.990732,-00041.601214
					Normal   +00000.157074,-00000.024980,-00000.987271
					TextureU +00000.987579,+00000.000000,+00000.157126
					TextureV -00000.004057,-00000.999688,+00000.024649
					Vertex   -00010.160945,-00020.990732,-00041.601214
					Vertex   -00009.998647,+00018.996786,-00042.587155
					Vertex   +00022.726828,+00018.992340,-00037.380462
					Vertex   +00022.564530,-00020.995178,-00036.394520
				End Polygon
				Begin Polygon Item=Side Link=2
					Origin   +00022.564530,-00020.995178,-00036.394520
					Normal   +00000.157074,-00000.024980,-00000.987271
					TextureU +00000.987579,+00000.000000,+00000.157126
					TextureV -00000.004057,-00000.999688,+00000.024649
					Vertex   +00022.564530,-00020.995178,-00036.394520
					Vertex   +00022.726828,+00018.992340,-00037.380462
					Vertex   +00042.186771,+00019.574512,-00010.565576
					Vertex   +00042.024474,-00020.413006,-00009.579635
				End Polygon
				Begin Polygon Item=Side Link=3
					Origin   +00042.024474,-00020.413006,-00009.579635
					Normal   +00000.157074,-00000.024980,-00000.987271
					TextureU +00000.987579,+00000.000000,+00000.157126
					TextureV -00000.004057,-00000.999688,+00000.024649
					Vertex   +00042.024474,-00020.413006,-00009.579635
					Vertex   +00042.186771,+00019.574512,-00010.565576
					Vertex   +00036.981812,+00020.402273,+00022.149705
					Vertex   +00036.819515,-00019.585245,+00023.135646
				End Polygon
				Begin Polygon Item=Side Link=4
					Origin   +00036.819515,-00019.585245,+00023.135646
					Normal   +00000.157074,-00000.024980,-00000.987271
					TextureU +00000.987579,+00000.000000,+00000.157126
					TextureV -00000.004057,-00000.999688,+00000.024649
					Vertex   +00036.819515,-00019.585245,+00023.135646
					Vertex   +00036.981812,+00020.402273,+00022.149705
					Vertex   +00010.160945,+00020.990732,+00041.601214
					Vertex   +00009.998647,-00018.996786,+00042.587155
				End Polygon
				Begin Polygon Item=Side Link=5
					Origin   +00009.998647,-00018.996786,+00042.587155
					Normal   +00000.157074,-00000.024980,-00000.987271
					TextureU +00000.987579,+00000.000000,+00000.157126
					TextureV -00000.004057,-00000.999688,+00000.024649
					Vertex   +00009.998647,-00018.996786,+00042.587155
					Vertex   +00010.160945,+00020.990732,+00041.601214
					Vertex   -00022.564530,+00020.995178,+00036.394520
					Vertex   -00022.726828,-00018.992340,+00037.380462
				End Polygon
				Begin Polygon Item=Side Link=6
					Origin   -00022.726828,-00018.992340,+00037.380462
					Normal   +00000.157074,-00000.024980,-00000.987271
					TextureU +00000.987579,+00000.000000,+00000.157126
					TextureV -00000.004057,-00000.999688,+00000.024649
					Vertex   -00022.726828,-00018.992340,+00037.380462
					Vertex   -00022.564530,+00020.995178,+00036.394520
					Vertex   -00042.024474,+00020.413006,+00009.579635
					Vertex   -00042.186771,-00019.574512,+00010.565576
				End Polygon
				Begin Polygon Item=Side Link=7
					Origin   -00042.186771,-00019.574512,+00010.565576
					Normal   +00000.157074,-00000.024980,-00000.987271
					TextureU +00000.987579,+00000.000000,+00000.157126
					TextureV -00000.004057,-00000.999688,+00000.024649
					Vertex   -00042.186771,-00019.574512,+00010.565576
					Vertex   -00042.024474,+00020.413006,+00009.579635
					Vertex   -00036.819515,+00019.585245,-00023.135646
					Vertex   -00036.981812,-00020.402273,-00022.149705
				End Polygon
				Begin Polygon Item=Side Link=8
					Origin   -00042.024474,+00020.413006,+00009.579635
					Normal   +00000.157074,-00000.024980,-00000.987271
					TextureU +00000.987579,+00000.000000,+00000.157126
					TextureV -00000.004057,-00000.999688,+00000.024649
					Vertex   -00042.024474,+00020.413006,+00009.579635
					Vertex   -00022.564530,+00020.995178,+00036.394520
					Vertex   +00010.160945,+00020.990732,+00041.601214
					Vertex   +00036.981812,+00020.402273,+00022.149705
					Vertex   +00042.186771,+00019.574512,-00010.565576
					Vertex   +00022.726828,+00018.992340,-00037.380462
					Vertex   -00009.998647,+00018.996786,-00042.587155
					Vertex   -00036.819515,+00019.585245,-00023.135646
				End Polygon
				Begin Polygon Item=Side Link=9
					Origin   -00036.981812,-00020.402273,-00022.149705
					Normal   +00000.157074,-00000.024980,-00000.987271
					TextureU +00000.987579,+00000.000000,+00000.157126
					TextureV -00000.004057,-00000.999688,+00000.024649
					Vertex   -00036.981812,-00020.402273,-00022.149705
					Vertex   -00010.160945,-00020.990732,-00041.601214
					Vertex   +00022.564530,-00020.995178,-00036.394520
					Vertex   +00042.024474,-00020.413006,-00009.579635
					Vertex   +00036.819515,-00019.585245,+00023.135646
					Vertex   +00009.998647,-00018.996786,+00042.587155
					Vertex   -00022.726828,-00018.992340,+00037.380462
					Vertex   -00042.186771,-00019.574512,+00010.565576
				End Polygon
			End PolyList
		End Brush
		Brush=Model'Model_6'
		BrushComponent=BrushComponent0
		SpriteScale=1.0
		ActorLabel="ScriptedTrigger10_gotocombatmusic"
		Tags(0)="gotocombatmusic"
	End Actor
	Begin Actor Class=TriggerVolume Name=ScriptedTrigger13_GotoambientMusic
		Begin Object Name="BrushComponent0"
			RelativeLocation=(X=357.302600,Y=4841.815000,Z=-6798.000000)
		End Object
		BrushType=Brush_Add
		Begin Brush Name=Model_6
			Begin PolyList
				Begin Polygon Item=Side Link=0
					Origin   -00036.981812,-00020.402273,-00022.149705
					Normal   +00000.157074,-00000.024980,-00000.987271
					TextureU +00000.987579,+00000.000000,+00000.157126
					TextureV -00000.004057,-00000.999688,+00000.024649
					Vertex   -00036.981812,-00020.402273,-00022.149705
					Vertex   -00036.819515,+00019.585245,-00023.135646
					Vertex   -00009.998647,+00018.996786,-00042.587155
					Vertex   -00010.160945,-00020.990732,-00041.601214
				End Polygon
				Begin Polygon Item=Side Link=1
					Origin   -00010.160945,-00020.990732,-00041.601214
					Normal   +00000.157074,-00000.024980,-00000.987271
					TextureU +00000.987579,+00000.000000,+00000.157126
					TextureV -00000.004057,-00000.999688,+00000.024649
					Vertex   -00010.160945,-00020.990732,-00041.601214
					Vertex   -00009.998647,+00018.996786,-00042.587155
					Vertex   +00022.726828,+00018.992340,-00037.380462
					Vertex   +00022.564530,-00020.995178,-00036.394520
				End Polygon
				Begin Polygon Item=Side Link=2
					Origin   +00022.564530,-00020.995178,-00036.394520
					Normal   +00000.157074,-00000.024980,-00000.987271
					TextureU +00000.987579,+00000.000000,+00000.157126
					TextureV -00000.004057,-00000.999688,+00000.024649
					Vertex   +00022.564530,-00020.995178,-00036.394520
					Vertex   +00022.726828,+00018.992340,-00037.380462
					Vertex   +00042.186771,+00019.574512,-00010.565576
					Vertex   +00042.024474,-00020.413006,-00009.579635
				End Polygon
				Begin Polygon Item=Side Link=3
					Origin   +00042.024474,-00020.413006,-00009.579635
					Normal   +00000.157074,-00000.024980,-00000.987271
					TextureU +00000.987579,+00000.000000,+00000.157126
					TextureV -00000.004057,-00000.999688,+00000.024649
					Vertex   +00042.024474,-00020.413006,-00009.579635
					Vertex   +00042.186771,+00019.574512,-00010.565576
					Vertex   +00036.981812,+00020.402273,+00022.149705
					Vertex   +00036.819515,-00019.585245,+00023.135646
				End Polygon
				Begin Polygon Item=Side Link=4
					Origin   +00036.819515,-00019.585245,+00023.135646
					Normal   +00000.157074,-00000.024980,-00000.987271
					TextureU +00000.987579,+00000.000000,+00000.157126
					TextureV -00000.004057,-00000.999688,+00000.024649
					Vertex   +00036.819515,-00019.585245,+00023.135646
					Vertex   +00036.981812,+00020.402273,+00022.149705
					Vertex   +00010.160945,+00020.990732,+00041.601214
					Vertex   +00009.998647,-00018.996786,+00042.587155
				End Polygon
				Begin Polygon Item=Side Link=5
					Origin   +00009.998647,-00018.996786,+00042.587155
					Normal   +00000.157074,-00000.024980,-00000.987271
					TextureU +00000.987579,+00000.000000,+00000.157126
					TextureV -00000.004057,-00000.999688,+00000.024649
					Vertex   +00009.998647,-00018.996786,+00042.587155
					Vertex   +00010.160945,+00020.990732,+00041.601214
					Vertex   -00022.564530,+00020.995178,+00036.394520
					Vertex   -00022.726828,-00018.992340,+00037.380462
				End Polygon
				Begin Polygon Item=Side Link=6
					Origin   -00022.726828,-00018.992340,+00037.380462
					Normal   +00000.157074,-00000.024980,-00000.987271
					TextureU +00000.987579,+00000.000000,+00000.157126
					TextureV -00000.004057,-00000.999688,+00000.024649
					Vertex   -00022.726828,-00018.992340,+00037.380462
					Vertex   -00022.564530,+00020.995178,+00036.394520
					Vertex   -00042.024474,+00020.413006,+00009.579635
					Vertex   -00042.186771,-00019.574512,+00010.565576
				End Polygon
				Begin Polygon Item=Side Link=7
					Origin   -00042.186771,-00019.574512,+00010.565576
					Normal   +00000.157074,-00000.024980,-00000.987271
					TextureU +00000.987579,+00000.000000,+00000.157126
					TextureV -00000.004057,-00000.999688,+00000.024649
					Vertex   -00042.186771,-00019.574512,+00010.565576
					Vertex   -00042.024474,+00020.413006,+00009.579635
					Vertex   -00036.819515,+00019.585245,-00023.135646
					Vertex   -00036.981812,-00020.402273,-00022.149705
				End Polygon
				Begin Polygon Item=Side Link=8
					Origin   -00042.024474,+00020.413006,+00009.579635
					Normal   +00000.157074,-00000.024980,-00000.987271
					TextureU +00000.987579,+00000.000000,+00000.157126
					TextureV -00000.004057,-00000.999688,+00000.024649
					Vertex   -00042.024474,+00020.413006,+00009.579635
					Vertex   -00022.564530,+00020.995178,+00036.394520
					Vertex   +00010.160945,+00020.990732,+00041.601214
					Vertex   +00036.981812,+00020.402273,+00022.149705
					Vertex   +00042.186771,+00019.574512,-00010.565576
					Vertex   +00022.726828,+00018.992340,-00037.380462
					Vertex   -00009.998647,+00018.996786,-00042.587155
					Vertex   -00036.819515,+00019.585245,-00023.135646
				End Polygon
				Begin Polygon Item=Side Link=9
					Origin   -00036.981812,-00020.402273,-00022.149705
					Normal   +00000.157074,-00000.024980,-00000.987271
					TextureU +00000.987579,+00000.000000,+00000.157126
					TextureV -00000.004057,-00000.999688,+00000.024649
					Vertex   -00036.981812,-00020.402273,-00022.149705
					Vertex   -00010.160945,-00020.990732,-00041.601214
					Vertex   +00022.564530,-00020.995178,-00036.394520
					Vertex   +00042.024474,-00020.413006,-00009.579635
					Vertex   +00036.819515,-00019.585245,+00023.135646
					Vertex   +00009.998647,-00018.996786,+00042.587155
					Vertex   -00022.726828,-00018.992340,+00037.380462
					Vertex   -00042.186771,-00019.574512,+00010.565576
				End Polygon
			End PolyList
		End Brush
		Brush=Model'Model_6'
		BrushComponent=BrushComponent0
		SpriteScale=1.0
		ActorLabel="ScriptedTrigger13_GotoambientMusic"
		Tags(0)="GotoambientMusic"
	End Actor
	Begin Actor Class=TriggerVolume Name=ScriptedTrigger7_Gotononeambientmusic
		Begin Object Name="BrushComponent0"
			RelativeLocation=(X=362.810900,Y=4884.731000,Z=-6798.000000)
		End Object
		BrushType=Brush_Add
		Begin Brush Name=Model_6
			Begin PolyList
				Begin Polygon Item=Side Link=0
					Origin   -00036.981812,-00020.402273,-00022.149705
					Normal   +00000.157074,-00000.024980,-00000.987271
					TextureU +00000.987579,+00000.000000,+00000.157126
					TextureV -00000.004057,-00000.999688,+00000.024649
					Vertex   -00036.981812,-00020.402273,-00022.149705
					Vertex   -00036.819515,+00019.585245,-00023.135646
					Vertex   -00009.998647,+00018.996786,-00042.587155
					Vertex   -00010.160945,-00020.990732,-00041.601214
				End Polygon
				Begin Polygon Item=Side Link=1
					Origin   -00010.160945,-00020.990732,-00041.601214
					Normal   +00000.157074,-00000.024980,-00000.987271
					TextureU +00000.987579,+00000.000000,+00000.157126
					TextureV -00000.004057,-00000.999688,+00000.024649
					Vertex   -00010.160945,-00020.990732,-00041.601214
					Vertex   -00009.998647,+00018.996786,-00042.587155
					Vertex   +00022.726828,+00018.992340,-00037.380462
					Vertex   +00022.564530,-00020.995178,-00036.394520
				End Polygon
				Begin Polygon Item=Side Link=2
					Origin   +00022.564530,-00020.995178,-00036.394520
					Normal   +00000.157074,-00000.024980,-00000.987271
					TextureU +00000.987579,+00000.000000,+00000.157126
					TextureV -00000.004057,-00000.999688,+00000.024649
					Vertex   +00022.564530,-00020.995178,-00036.394520
					Vertex   +00022.726828,+00018.992340,-00037.380462
					Vertex   +00042.186771,+00019.574512,-00010.565576
					Vertex   +00042.024474,-00020.413006,-00009.579635
				End Polygon
				Begin Polygon Item=Side Link=3
					Origin   +00042.024474,-00020.413006,-00009.579635
					Normal   +00000.157074,-00000.024980,-00000.987271
					TextureU +00000.987579,+00000.000000,+00000.157126
					TextureV -00000.004057,-00000.999688,+00000.024649
					Vertex   +00042.024474,-00020.413006,-00009.579635
					Vertex   +00042.186771,+00019.574512,-00010.565576
					Vertex   +00036.981812,+00020.402273,+00022.149705
					Vertex   +00036.819515,-00019.585245,+00023.135646
				End Polygon
				Begin Polygon Item=Side Link=4
					Origin   +00036.819515,-00019.585245,+00023.135646
					Normal   +00000.157074,-00000.024980,-00000.987271
					TextureU +00000.987579,+00000.000000,+00000.157126
					TextureV -00000.004057,-00000.999688,+00000.024649
					Vertex   +00036.819515,-00019.585245,+00023.135646
					Vertex   +00036.981812,+00020.402273,+00022.149705
					Vertex   +00010.160945,+00020.990732,+00041.601214
					Vertex   +00009.998647,-00018.996786,+00042.587155
				End Polygon
				Begin Polygon Item=Side Link=5
					Origin   +00009.998647,-00018.996786,+00042.587155
					Normal   +00000.157074,-00000.024980,-00000.987271
					TextureU +00000.987579,+00000.000000,+00000.157126
					TextureV -00000.004057,-00000.999688,+00000.024649
					Vertex   +00009.998647,-00018.996786,+00042.587155
					Vertex   +00010.160945,+00020.990732,+00041.601214
					Vertex   -00022.564530,+00020.995178,+00036.394520
					Vertex   -00022.726828,-00018.992340,+00037.380462
				End Polygon
				Begin Polygon Item=Side Link=6
					Origin   -00022.726828,-00018.992340,+00037.380462
					Normal   +00000.157074,-00000.024980,-00000.987271
					TextureU +00000.987579,+00000.000000,+00000.157126
					TextureV -00000.004057,-00000.999688,+00000.024649
					Vertex   -00022.726828,-00018.992340,+00037.380462
					Vertex   -00022.564530,+00020.995178,+00036.394520
					Vertex   -00042.024474,+00020.413006,+00009.579635
					Vertex   -00042.186771,-00019.574512,+00010.565576
				End Polygon
				Begin Polygon Item=Side Link=7
					Origin   -00042.186771,-00019.574512,+00010.565576
					Normal   +00000.157074,-00000.024980,-00000.987271
					TextureU +00000.987579,+00000.000000,+00000.157126
					TextureV -00000.004057,-00000.999688,+00000.024649
					Vertex   -00042.186771,-00019.574512,+00010.565576
					Vertex   -00042.024474,+00020.413006,+00009.579635
					Vertex   -00036.819515,+00019.585245,-00023.135646
					Vertex   -00036.981812,-00020.402273,-00022.149705
				End Polygon
				Begin Polygon Item=Side Link=8
					Origin   -00042.024474,+00020.413006,+00009.579635
					Normal   +00000.157074,-00000.024980,-00000.987271
					TextureU +00000.987579,+00000.000000,+00000.157126
					TextureV -00000.004057,-00000.999688,+00000.024649
					Vertex   -00042.024474,+00020.413006,+00009.579635
					Vertex   -00022.564530,+00020.995178,+00036.394520
					Vertex   +00010.160945,+00020.990732,+00041.601214
					Vertex   +00036.981812,+00020.402273,+00022.149705
					Vertex   +00042.186771,+00019.574512,-00010.565576
					Vertex   +00022.726828,+00018.992340,-00037.380462
					Vertex   -00009.998647,+00018.996786,-00042.587155
					Vertex   -00036.819515,+00019.585245,-00023.135646
				End Polygon
				Begin Polygon Item=Side Link=9
					Origin   -00036.981812,-00020.402273,-00022.149705
					Normal   +00000.157074,-00000.024980,-00000.987271
					TextureU +00000.987579,+00000.000000,+00000.157126
					TextureV -00000.004057,-00000.999688,+00000.024649
					Vertex   -00036.981812,-00020.402273,-00022.149705
					Vertex   -00010.160945,-00020.990732,-00041.601214
					Vertex   +00022.564530,-00020.995178,-00036.394520
					Vertex   +00042.024474,-00020.413006,-00009.579635
					Vertex   +00036.819515,-00019.585245,+00023.135646
					Vertex   +00009.998647,-00018.996786,+00042.587155
					Vertex   -00022.726828,-00018.992340,+00037.380462
					Vertex   -00042.186771,-00019.574512,+00010.565576
				End Polygon
			End PolyList
		End Brush
		Brush=Model'Model_6'
		BrushComponent=BrushComponent0
		SpriteScale=1.0
		ActorLabel="ScriptedTrigger7_Gotononeambientmusic"
		Tags(0)="Gotononeambientmusic"
	End Actor
	Begin Actor Class=Note Name=counter6_jd1->Gotononeambientmusic
		Begin Object Class=SceneComponent Name="SceneComp"
		End Object
		Begin Object Name="SceneComp"
			RelativeLocation=(X=488.624100,Y=4891.109000,Z=-6810.900000)
		End Object
		Text="Unconverted: counter"
		RootComponent=SceneComp
		ActorLabel="counter6_jd1->Gotononeambientmusic"
		Tags(0)="jd1"
		Event="Gotononeambientmusic"
	End Actor
	Begin Actor Class=PointLight Name=Spotlight6_Spotlight
		Begin Object Class=PointLightComponent Name="LightComponent0"
		End Object
		Begin Object Name="LightComponent0"
			bUseInverseSquaredFalloff=False
			LightFalloffExponent=1.9
			AttenuationRadius=1408.0
			SourceRadius=64.0
			LightColor=(B=100.0,G=100.0,R=100.0,A=255.0)
			Intensity=70.0
			Mobility=Static
			RelativeLocation=(X=681.405300,Y=4543.918000,Z=-7415.333000)
			RelativeRotation=(Pitch=-41.440430,Yaw=90.000000,Roll=90.000000)
		End Object
		LightEffect=NewEnumerator0
		LightType=NewEnumerator1
		LightComponent="LightComponent0"
		RootComponent="LightComponent0"
		ActorLabel="Spotlight6_Spotlight"
		Tags(0)="Spotlight"
	End Actor
	Begin Actor Class=PointLight Name=Spotlight0_Spotlight
		Begin Object Class=PointLightComponent Name="LightComponent0"
		End Object
		Begin Object Name="LightComponent0"
			bUseInverseSquaredFalloff=False
			LightFalloffExponent=1.9
			AttenuationRadius=1408.0
			SourceRadius=64.0
			LightColor=(B=100.0,G=100.0,R=100.0,A=255.0)
			Intensity=70.0
			Mobility=Static
			RelativeLocation=(X=383.919200,Y=5262.595000,Z=-7415.333000)
			RelativeRotation=(Pitch=-41.440430,Yaw=360.000000,Roll=90.000000)
		End Object
		LightEffect=NewEnumerator0
		LightType=NewEnumerator1
		LightComponent="LightComponent0"
		RootComponent="LightComponent0"
		ActorLabel="Spotlight0_Spotlight"
		Tags(0)="Spotlight"
	End Actor
	Begin Actor Class=Note Name=HackingPawn2_GR_HP2
		Begin Object Class=SceneComponent Name="SceneComp"
		End Object
		Begin Object Name="SceneComp"
			RelativeLocation=(X=3681.962000,Y=4503.815000,Z=-7697.900000)
		End Object
		Text="Unconverted: HackingPawn"
		RootComponent=SceneComp
		ActorLabel="HackingPawn2_GR_HP2"
		Tags(0)="GR_HP2"
	End Actor
	Begin Actor Class=AmbientSound Name=AmbientSound53_AmbientSound
		Begin Object Class=AudioComponent Name="AudioComponent0"
		End Object
		Begin Object Name="AudioComponent0"
			bOverrideAttenuation=True
			AttenuationOverrides=(DistanceAlgorithm=ATTENUATION_Linear,FalloffDistance=12000.0,AttenuationShapeExtents=(X=500.0,Y=0.0,Z=0.0))
			Sound=SoundCue'/Game/Sounds/M15_sounds/ambienceloops_M15_intship_bg1_Cue.ambienceloops_M15_intship_bg1_Cue'
			VolumeMultiplier=0.11764705882352941
			PitchMultiplier=0.953125
			RelativeLocation=(X=675.085900,Y=5231.109000,Z=-6713.000000)
		End Object
		AudioComponent=AudioComponent0
		RootComponent=AudioComponent0
		ActorLabel="AmbientSound53_AmbientSound"
		Tags(0)="AmbientSound"
	End Actor
	Begin Actor Class=AmbientSound Name=AmbientSound55_AmbientSound
