Begin Map
	Begin Level Name=/Game/M20D
	Begin Actor Class=Brush Name=BigAdditiveBrush
		Begin Object Name="BrushComponent0"
			RelativeLocation=(X=-5120.000650,Y=3010.006000,Z=4848.000000)
		End Object
		BrushType=Brush_Add
		Begin Brush Name=Model_6
			Begin PolyList
				Begin Polygon Item=Side LightMapScale=2048.0 Link=0
					Origin   +00000.000000,+00000.000000,+00000.000000
					Normal   -00001.000000,+00000.000000,+00000.000000
					TextureU +00000.000000,+00001.000000,+00000.000000
					TextureV +00000.000000,+00000.000000,-00001.000000
					Vertex   -20323.999350,-26109.694000,-09076.000000
					Vertex   -20323.999350,-26109.694000,+09076.000000
					Vertex   -20323.999350,+26109.694000,+09076.000000
					Vertex   -20323.999350,+26109.694000,-09076.000000
				End Polygon
				Begin Polygon Item=Side LightMapScale=2048.0 Link=1
					Origin   +00000.000000,+00000.000000,+00000.000000
					Normal   +00000.000000,+00001.000000,+00000.000000
					TextureU +00001.000000,+00000.000000,+00000.000000
					TextureV +00000.000000,+00000.000000,-00001.000000
					Vertex   -20323.999350,+26109.694000,-09076.000000
					Vertex   -20323.999350,+26109.694000,+09076.000000
					Vertex   +20323.999350,+26109.694000,+09076.000000
					Vertex   +20323.999350,+26109.694000,-09076.000000
				End Polygon
				Begin Polygon Item=Side LightMapScale=2048.0 Link=2
					Origin   +00000.000000,+00000.000000,+00000.000000
					Normal   +00001.000000,+00000.000000,+00000.000000
					TextureU +00000.000000,-00001.000000,+00000.000000
					TextureV +00000.000000,+00000.000000,-00001.000000
					Vertex   +20323.999350,+26109.694000,-09076.000000
					Vertex   +20323.999350,+26109.694000,+09076.000000
					Vertex   +20323.999350,-26109.694000,+09076.000000
					Vertex   +20323.999350,-26109.694000,-09076.000000
				End Polygon
				Begin Polygon Item=Side LightMapScale=2048.0 Link=3
					Origin   +00000.000000,+00000.000000,+00000.000000
					Normal   +00000.000000,-00001.000000,+00000.000000
					TextureU -00001.000000,+00000.000000,+00000.000000
					TextureV +00000.000000,+00000.000000,-00001.000000
					Vertex   +20323.999350,-26109.694000,-09076.000000
					Vertex   +20323.999350,-26109.694000,+09076.000000
					Vertex   -20323.999350,-26109.694000,+09076.000000
					Vertex   -20323.999350,-26109.694000,-09076.000000
				End Polygon
				Begin Polygon Item=Side LightMapScale=2048.0 Link=4
					Origin   +00000.000000,+00000.000000,+00000.000000
					Normal   +00000.000000,+00000.000000,+00001.000000
					TextureU +00001.000000,+00000.000000,+00000.000000
					TextureV +00000.000000,+00001.000000,+00000.000000
					Vertex   -20323.999350,+26109.694000,+09076.000000
					Vertex   -20323.999350,-26109.694000,+09076.000000
					Vertex   +20323.999350,-26109.694000,+09076.000000
					Vertex   +20323.999350,+26109.694000,+09076.000000
				End Polygon
				Begin Polygon Item=Side LightMapScale=2048.0 Link=5
					Origin   +00000.000000,+00000.000000,+00000.000000
					Normal   +00000.000000,+00000.000000,-00001.000000
					TextureU +00001.000000,+00000.000000,+00000.000000
					TextureV +00000.000000,-00001.000000,+00000.000000
					Vertex   -20323.999350,-26109.694000,-09076.000000
					Vertex   -20323.999350,+26109.694000,-09076.000000
					Vertex   +20323.999350,+26109.694000,-09076.000000
					Vertex   +20323.999350,-26109.694000,-09076.000000
				End Polygon
			End PolyList
		End Brush
		Brush=Model'Model_6'
		BrushComponent=BrushComponent0
		ActorLabel="BigAdditiveBrush"
	End Actor
	Begin Actor Class=Note Name=LevelInfo0_Note
		Begin Object Class=SceneComponent Name="SceneComp"
		End Object
		Begin Object Name="SceneComp"
			RelativeLocation=(X=0.000000,Y=0.000000,Z=0.000000)
		End Object
		Text="Author: Christopher 'Chrustec' Glerum Title: M20 - Tartarus Interior"
		RootComponent=SceneComp
		SpriteScale=4.0
		ActorLabel="LevelInfo0_Note"
	End Actor
	Begin Actor Class=Note Name=DefaultPhysicsVolume12_DefaultPhysicsVolume
		Begin Object Class=SceneComponent Name="SceneComp"
		End Object
		Begin Object Name="SceneComp"
			RelativeLocation=(X=0.000000,Y=0.000000,Z=0.000000)
		End Object
		Text="Unconverted: DefaultPhysicsVolume"
		RootComponent=SceneComp
		ActorLabel="DefaultPhysicsVolume12_DefaultPhysicsVolume"
		Tags(0)="DefaultPhysicsVolume"
	End Actor
	Begin Actor Class=Brush Name=Polys1770_Brush
		Begin Object Name="BrushComponent0"
			RelativeLocation=(X=0.000000,Y=0.000000,Z=64.000000)
		End Object
		BrushType=Brush_Subtract
		Begin Brush Name=Model_6
			Begin PolyList
				Begin Polygon Item=Side Texture=/Game/Materials/M20tex/M20_security_gate_wall_Mat.M20_security_gate_wall_Mat LightMapScale=128.0 Link=0
					Origin   +00269.614500,+02048.000000,-00192.000000
					Normal   +00000.258814,+00000.965927,+00000.000000
					TextureU +00000.965926,-00000.258814,+00000.000000
					TextureV +00000.000000,+00000.000000,-00001.000000
					Vertex   +00269.614500,+02048.000000,-00192.000000
					Vertex   +00269.614500,+02048.000000,+00192.000000
					Vertex   +00790.489100,+01908.434000,+00192.000000
					Vertex   +00790.489100,+01908.434000,-00192.000000
				End Polygon
				Begin Polygon Item=Side Texture=/Game/Materials/M20tex/M20_security_gate_wall_Mat.M20_security_gate_wall_Mat LightMapScale=128.0 Link=1
					Origin   +00790.489100,+01908.434000,-00192.000000
					Normal   +00000.499996,+00000.866028,+00000.000000
					TextureU +00000.866027,-00000.499996,+00000.000000
					TextureV +00000.000000,+00000.000000,-00001.000000
					Vertex   +00790.489100,+01908.434000,-00192.000000
					Vertex   +00790.489100,+01908.434000,+00192.000000
					Vertex   +01257.493000,+01638.812000,+00192.000000
					Vertex   +01257.493000,+01638.812000,-00192.000000
				End Polygon
				Begin Polygon Item=Side Texture=/Game/Materials/M20tex/M20_security_gate_wall_Mat.M20_security_gate_wall_Mat LightMapScale=128.0 Link=2
					Origin   +01257.493000,+01638.812000,-00192.000000
					Normal   +00000.707103,+00000.707110,+00000.000000
					TextureU +00000.707109,-00000.707103,+00000.000000
					TextureV +00000.000000,+00000.000000,-00001.000000
					Vertex   +01257.493000,+01638.812000,-00192.000000
					Vertex   +01257.493000,+01638.812000,+00192.000000
					Vertex   +01638.801000,+01257.508000,+00192.000000
					Vertex   +01638.801000,+01257.508000,-00192.000000
				End Polygon
				Begin Polygon Item=Side Texture=/Game/Materials/M20tex/M20_security_gate_wall_Mat.M20_security_gate_wall_Mat LightMapScale=128.0 Link=3
					Origin   +01638.801000,+01257.508000,-00192.000000
					Normal   +00000.866023,+00000.500004,+00000.000000
					TextureU +00000.500004,-00000.866022,+00000.000000
					TextureV +00000.000000,+00000.000000,-00001.000000
					Vertex   +01638.801000,+01257.508000,-00192.000000
					Vertex   +01638.801000,+01257.508000,+00192.000000
					Vertex   +01908.427000,+00790.506600,+00192.000000
					Vertex   +01908.427000,+00790.506600,-00192.000000
				End Polygon
				Begin Polygon Item=Side Texture=/Game/Materials/M20tex/M20_security_gate_wall_Mat.M20_security_gate_wall_Mat LightMapScale=128.0 Link=4
					Origin   +01908.427000,+00790.506600,-00192.000000
					Normal   +00000.965925,+00000.258822,+00000.000000
					TextureU +00000.258823,-00000.965924,+00000.000000
					TextureV +00000.000000,+00000.000000,-00001.000000
					Vertex   +01908.427000,+00790.506600,-00192.000000
					Vertex   +01908.427000,+00790.506600,+00192.000000
					Vertex   +02047.997000,+00269.633100,+00192.000000
					Vertex   +02047.997000,+00269.633100,-00192.000000
				End Polygon
				Begin Polygon Item=Side Texture=/Game/Materials/M20tex/M20_security_gate_wall_Mat.M20_security_gate_wall_Mat LightMapScale=128.0 Link=5
					Origin   +02047.997000,+00269.633100,-00192.000000
					Normal   +00001.000000,+00000.000000,+00000.000000
					TextureU +00000.000000,-00000.999999,+00000.000000
					TextureV +00000.000000,+00000.000000,-00001.000000
					Vertex   +02047.997000,+00269.633100,-00192.000000
					Vertex   +02047.997000,+00269.633100,+00192.000000
					Vertex   +02048.000000,-00269.614500,+00192.000000
					Vertex   +02048.000000,-00269.614500,-00192.000000
				End Polygon
				Begin Polygon Item=Side Texture=/Game/Materials/M20tex/M20_security_gate_wall_Mat.M20_security_gate_wall_Mat LightMapScale=128.0 Link=6
					Origin   +02048.000000,-00269.614500,-00192.000000
					Normal   +00000.965927,-00000.258814,+00000.000000
					TextureU -00000.258814,-00000.965926,+00000.000000
					TextureV +00000.000000,+00000.000000,-00001.000000
					Vertex   +02048.000000,-00269.614500,-00192.000000
					Vertex   +02048.000000,-00269.614500,+00192.000000
					Vertex   +01908.434000,-00790.489100,+00192.000000
					Vertex   +01908.434000,-00790.489100,-00192.000000
				End Polygon
				Begin Polygon Item=Side Texture=/Game/Materials/M20tex/M20_security_gate_wall_Mat.M20_security_gate_wall_Mat LightMapScale=128.0 Link=7
					Origin   +01908.434000,-00790.489100,-00192.000000
					Normal   +00000.866027,-00000.499997,+00000.000000
					TextureU -00000.499996,-00000.866027,+00000.000000
					TextureV +00000.000000,+00000.000000,-00001.000000
					Vertex   +01908.434000,-00790.489100,-00192.000000
					Vertex   +01908.434000,-00790.489100,+00192.000000
					Vertex   +01638.812000,-01257.493000,+00192.000000
					Vertex   +01638.812000,-01257.493000,-00192.000000
				End Polygon
				Begin Polygon Item=Side Texture=/Game/Materials/M20tex/M20_security_gate_wall_Mat.M20_security_gate_wall_Mat LightMapScale=128.0 Link=8
					Origin   +01638.812000,-01257.493000,-00192.000000
					Normal   +00000.707110,-00000.707103,+00000.000000
					TextureU -00000.707103,-00000.707109,+00000.000000
					TextureV +00000.000000,+00000.000000,-00001.000000
					Vertex   +01638.812000,-01257.493000,-00192.000000
					Vertex   +01638.812000,-01257.493000,+00192.000000
					Vertex   +01257.508000,-01638.800000,+00192.000000
					Vertex   +01257.508000,-01638.800000,-00192.000000
				End Polygon
				Begin Polygon Item=Side Texture=/Game/Materials/M20tex/M20_security_gate_wall_Mat.M20_security_gate_wall_Mat LightMapScale=128.0 Link=9
					Origin   +01257.508000,-01638.800000,-00192.000000
					Normal   +00000.500004,-00000.866023,+00000.000000
					TextureU -00000.866022,-00000.500004,+00000.000000
					TextureV +00000.000000,+00000.000000,-00001.000000
					Vertex   +01257.508000,-01638.800000,-00192.000000
					Vertex   +01257.508000,-01638.800000,+00192.000000
					Vertex   +00790.506000,-01908.427000,+00192.000000
					Vertex   +00790.506000,-01908.427000,-00192.000000
				End Polygon
				Begin Polygon Item=Side Texture=/Game/Materials/M20tex/M20_security_gate_wall_Mat.M20_security_gate_wall_Mat LightMapScale=128.0 Link=10
					Origin   +00790.506000,-01908.427000,-00192.000000
					Normal   +00000.258825,-00000.965924,+00000.000000
					TextureU -00000.965924,-00000.258823,+00000.000000
					TextureV +00000.000000,+00000.000000,-00001.000000
					Vertex   +00790.506000,-01908.427000,-00192.000000
					Vertex   +00790.506000,-01908.427000,+00192.000000
					Vertex   +00269.633900,-02047.997000,+00192.000000
					Vertex   +00269.633900,-02047.997000,-00192.000000
				End Polygon
				Begin Polygon Item=Side Texture=/Game/Materials/M20tex/M20_security_gate_wall_Mat.M20_security_gate_wall_Mat LightMapScale=128.0 Link=11
					Origin   +00269.633900,-02047.997000,-00192.000000
					Normal   +00000.000000,-00001.000000,+00000.000000
					TextureU -00000.999999,+00000.000000,+00000.000000
					TextureV +00000.000000,+00000.000000,-00001.000000
					Vertex   +00269.633900,-02047.997000,-00192.000000
					Vertex   +00269.633900,-02047.997000,+00192.000000
					Vertex   -00269.615000,-02047.999000,+00192.000000
					Vertex   -00269.615000,-02047.999000,-00192.000000
				End Polygon
				Begin Polygon Item=Side Texture=/Game/Materials/M20tex/M20_security_gate_wall_Mat.M20_security_gate_wall_Mat LightMapScale=128.0 Link=12
					Origin   -00269.615000,-02047.999000,-00192.000000
					Normal   -00000.258814,-00000.965927,+00000.000000
					TextureU -00000.965926,+00000.258814,+00000.000000
					TextureV +00000.000000,+00000.000000,-00001.000000
					Vertex   -00269.615000,-02047.999000,-00192.000000
					Vertex   -00269.615000,-02047.999000,+00192.000000
					Vertex   -00790.489400,-01908.434000,+00192.000000
					Vertex   -00790.489400,-01908.434000,-00192.000000
				End Polygon
				Begin Polygon Item=Side Texture=/Game/Materials/M20tex/M20_security_gate_wall_Mat.M20_security_gate_wall_Mat LightMapScale=128.0 Link=13
					Origin   -00790.489400,-01908.434000,-00192.000000
					Normal   -00000.499997,-00000.866027,+00000.000000
					TextureU -00000.866027,+00000.499996,+00000.000000
					TextureV +00000.000000,+00000.000000,-00001.000000
					Vertex   -00790.489400,-01908.434000,-00192.000000
					Vertex   -00790.489400,-01908.434000,+00192.000000
					Vertex   -01257.493000,-01638.812000,+00192.000000
					Vertex   -01257.493000,-01638.812000,-00192.000000
				End Polygon
				Begin Polygon Item=Side Texture=/Game/Materials/M20tex/M20_security_gate_wall_Mat.M20_security_gate_wall_Mat LightMapScale=128.0 Link=14
					Origin   -01257.493000,-01638.812000,-00192.000000
					Normal   -00000.707103,-00000.707110,+00000.000000
					TextureU -00000.707109,+00000.707103,+00000.000000
					TextureV +00000.000000,+00000.000000,-00001.000000
					Vertex   -01257.493000,-01638.812000,-00192.000000
					Vertex   -01257.493000,-01638.812000,+00192.000000
					Vertex   -01638.801000,-01257.508000,+00192.000000
					Vertex   -01638.801000,-01257.508000,-00192.000000
				End Polygon
				Begin Polygon Item=Side Texture=/Game/Materials/M20tex/M20_security_gate_wall_Mat.M20_security_gate_wall_Mat LightMapScale=128.0 Link=15
					Origin   -01638.801000,-01257.508000,-00192.000000
					Normal   -00000.866023,-00000.500004,+00000.000000
					TextureU -00000.500004,+00000.866022,+00000.000000
					TextureV +00000.000000,+00000.000000,-00001.000000
					Vertex   -01638.801000,-01257.508000,-00192.000000
					Vertex   -01638.801000,-01257.508000,+00192.000000
					Vertex   -01908.427000,-00790.506200,+00192.000000
					Vertex   -01908.427000,-00790.506200,-00192.000000
				End Polygon
				Begin Polygon Item=Side Texture=/Game/Materials/M20tex/M20_security_gate_wall_Mat.M20_security_gate_wall_Mat LightMapScale=128.0 Link=16
					Origin   -01908.427000,-00790.506200,-00192.000000
					Normal   -00000.965925,-00000.258823,+00000.000000
					TextureU -00000.258823,+00000.965924,+00000.000000
					TextureV +00000.000000,+00000.000000,-00001.000000
					Vertex   -01908.427000,-00790.506200,-00192.000000
					Vertex   -01908.427000,-00790.506200,+00192.000000
					Vertex   -02047.997000,-00269.633000,+00192.000000
					Vertex   -02047.997000,-00269.633000,-00192.000000
				End Polygon
				Begin Polygon Item=Side Texture=/Game/Materials/M20tex/M20_security_gate_wall_Mat.M20_security_gate_wall_Mat LightMapScale=128.0 Link=17
					Origin   -02047.997000,-00269.633000,-00192.000000
					Normal   -00001.000000,+00000.000000,+00000.000000
					TextureU +00000.000000,+00000.999999,+00000.000000
					TextureV +00000.000000,+00000.000000,-00001.000000
					Vertex   -02047.997000,-00269.633000,-00192.000000
					Vertex   -02047.997000,-00269.633000,+00192.000000
					Vertex   -02047.999000,+00269.615000,+00192.000000
					Vertex   -02047.999000,+00269.615000,-00192.000000
				End Polygon
				Begin Polygon Item=Side Texture=/Game/Materials/M20tex/M20_security_gate_wall_Mat.M20_security_gate_wall_Mat LightMapScale=128.0 Link=18
					Origin   -02047.999000,+00269.615000,-00192.000000
					Normal   -00000.965927,+00000.258814,+00000.000000
					TextureU +00000.258814,+00000.965926,+00000.000000
					TextureV +00000.000000,+00000.000000,-00001.000000
					Vertex   -02047.999000,+00269.615000,-00192.000000
					Vertex   -02047.999000,+00269.615000,+00192.000000
					Vertex   -01908.434000,+00790.489400,+00192.000000
					Vertex   -01908.434000,+00790.489400,-00192.000000
				End Polygon
				Begin Polygon Item=Side Texture=/Game/Materials/M20tex/M20_security_gate_wall_Mat.M20_security_gate_wall_Mat LightMapScale=128.0 Link=19
					Origin   -01908.434000,+00790.489400,-00192.000000
					Normal   -00000.866028,+00000.499996,+00000.000000
					TextureU +00000.499996,+00000.866027,+00000.000000
					TextureV +00000.000000,+00000.000000,-00001.000000
					Vertex   -01908.434000,+00790.489400,-00192.000000
					Vertex   -01908.434000,+00790.489400,+00192.000000
					Vertex   -01638.812000,+01257.493000,+00192.000000
					Vertex   -01638.812000,+01257.493000,-00192.000000
				End Polygon
				Begin Polygon Item=Side Texture=/Game/Materials/M20tex/M20_security_gate_wall_Mat.M20_security_gate_wall_Mat LightMapScale=128.0 Link=20
					Origin   -01638.812000,+01257.493000,-00192.000000
					Normal   -00000.707110,+00000.707104,+00000.000000
					TextureU +00000.707103,+00000.707109,+00000.000000
					TextureV +00000.000000,+00000.000000,-00001.000000
					Vertex   -01638.812000,+01257.493000,-00192.000000
					Vertex   -01638.812000,+01257.493000,+00192.000000
					Vertex   -01257.508000,+01638.801000,+00192.000000
					Vertex   -01257.508000,+01638.801000,-00192.000000
				End Polygon
				Begin Polygon Item=Side Texture=/Game/Materials/M20tex/M20_security_gate_wall_Mat.M20_security_gate_wall_Mat LightMapScale=128.0 Link=21
					Origin   -01257.508000,+01638.801000,-00192.000000
					Normal   -00000.500004,+00000.866023,+00000.000000
					TextureU +00000.866022,+00000.500004,+00000.000000
					TextureV +00000.000000,+00000.000000,-00001.000000
					Vertex   -01257.508000,+01638.801000,-00192.000000
					Vertex   -01257.508000,+01638.801000,+00192.000000
					Vertex   -00790.506700,+01908.427000,+00192.000000
					Vertex   -00790.506700,+01908.427000,-00192.000000
				End Polygon
				Begin Polygon Item=Side Texture=/Game/Materials/M20tex/M20_security_gate_wall_Mat.M20_security_gate_wall_Mat LightMapScale=128.0 Link=22
					Origin   -00790.506700,+01908.427000,-00192.000000
					Normal   -00000.258823,+00000.965925,+00000.000000
					TextureU +00000.965924,+00000.258823,+00000.000000
					TextureV +00000.000000,+00000.000000,-00001.000000
					Vertex   -00790.506700,+01908.427000,-00192.000000
					Vertex   -00790.506700,+01908.427000,+00192.000000
					Vertex   -00269.632600,+02047.997000,+00192.000000
					Vertex   -00269.632600,+02047.997000,-00192.000000
				End Polygon
				Begin Polygon Item=Side Texture=/Game/Materials/M20tex/M20_security_gate_wall_Mat.M20_security_gate_wall_Mat LightMapScale=128.0 Link=23
					Origin   -00269.632600,+02047.997000,-00192.000000
					Normal   +00000.000000,+00001.000000,+00000.000000
					TextureU +00000.999999,+00000.000000,+00000.000000
					TextureV +00000.000000,+00000.000000,-00001.000000
					Vertex   -00269.632600,+02047.997000,-00192.000000
					Vertex   -00269.632600,+02047.997000,+00192.000000
					Vertex   +00269.614500,+02048.000000,+00192.000000
					Vertex   +00269.614500,+02048.000000,-00192.000000
				End Polygon
				Begin Polygon Item=Side Texture=/Game/Materials/M20tex/M20_security_gate_wall_Mat.M20_security_gate_wall_Mat LightMapScale=128.0 Link=24
					Origin   -00269.632600,+02047.997000,+00192.000000
					Normal   +00000.000000,+00000.000000,+00001.000000
					TextureU +00000.258823,-00000.965924,+00000.000000
					TextureV +00000.965924,+00000.258823,+00000.000000
					Vertex   -00269.632600,+02047.997000,+00192.000000
					Vertex   -00790.506700,+01908.427000,+00192.000000
					Vertex   -01257.508000,+01638.801000,+00192.000000
					Vertex   -01638.812000,+01257.493000,+00192.000000
					Vertex   -01908.434000,+00790.489400,+00192.000000
					Vertex   -02047.999000,+00269.615000,+00192.000000
					Vertex   -02047.997000,-00269.633000,+00192.000000
					Vertex   -01908.427000,-00790.506200,+00192.000000
					Vertex   -01638.801000,-01257.508000,+00192.000000
					Vertex   -01257.493000,-01638.812000,+00192.000000
					Vertex   -00790.489400,-01908.434000,+00192.000000
					Vertex   -00269.615000,-02047.999000,+00192.000000
					Vertex   +00269.633900,-02047.997000,+00192.000000
					Vertex   +00790.506000,-01908.427000,+00192.000000
					Vertex   +01257.508000,-01638.800000,+00192.000000
					Vertex   +01638.812000,-01257.493000,+00192.000000
				End Polygon
				Begin Polygon Item=Side Texture=/Game/Materials/M20tex/M20_security_gate_wall_Mat.M20_security_gate_wall_Mat LightMapScale=128.0 Link=25
					Origin   -00269.632600,+02047.997000,+00192.000000
					Normal   +00000.000000,+00000.000000,+00001.000000
					TextureU +00000.866022,+00000.500003,+00000.000000
					TextureV -00000.500003,+00000.866022,+00000.000000
					Vertex   -00269.632600,+02047.997000,+00192.000000
					Vertex   +01638.812000,-01257.493000,+00192.000000
					Vertex   +01908.434000,-00790.489100,+00192.000000
					Vertex   +02048.000000,-00269.614500,+00192.000000
					Vertex   +02047.997000,+00269.633100,+00192.000000
					Vertex   +01908.427000,+00790.506600,+00192.000000
					Vertex   +01638.801000,+01257.508000,+00192.000000
					Vertex   +01257.493000,+01638.812000,+00192.000000
					Vertex   +00790.489100,+01908.434000,+00192.000000
					Vertex   +00269.614500,+02048.000000,+00192.000000
				End Polygon
				Begin Polygon Item=Side Texture=/Game/Materials/M20tex/M20_patternfloor_01_Mat.M20_patternfloor_01_Mat LightMapScale=128.0 Link=26
					Origin   -01930.040000,-01896.963000,-00064.000000
					Normal   +00000.000000,+00000.000000,-00001.000000
					TextureU -00000.066667,+00000.000000,+00000.000000
					TextureV +00000.000000,-00000.066667,+00000.000000
					Vertex   +00269.614500,+02048.000000,-00192.000000
					Vertex   +00790.489100,+01908.434000,-00192.000000
					Vertex   +01257.493000,+01638.812000,-00192.000000
					Vertex   +01638.801000,+01257.508000,-00192.000000
					Vertex   +01908.427000,+00790.506600,-00192.000000
					Vertex   +02047.997000,+00269.633100,-00192.000000
					Vertex   +02048.000000,-00269.614500,-00192.000000
					Vertex   +01908.434000,-00790.489100,-00192.000000
					Vertex   +01638.812000,-01257.493000,-00192.000000
					Vertex   +01257.508000,-01638.800000,-00192.000000
					Vertex   +00790.506000,-01908.427000,-00192.000000
					Vertex   +00269.633900,-02047.997000,-00192.000000
					Vertex   -00269.615000,-02047.999000,-00192.000000
					Vertex   -00790.489400,-01908.434000,-00192.000000
					Vertex   -01257.493000,-01638.812000,-00192.000000
					Vertex   -01638.801000,-01257.508000,-00192.000000
				End Polygon
				Begin Polygon Item=Side Texture=/Game/Materials/M20tex/M20_patternfloor_01_Mat.M20_patternfloor_01_Mat LightMapScale=128.0 Link=27
					Origin   -01930.040000,-01896.963000,-00064.000000
					Normal   +00000.000000,+00000.000000,-00001.000000
					TextureU -00000.066667,+00000.000000,+00000.000000
					TextureV +00000.000000,-00000.066667,+00000.000000
					Vertex   +00269.614500,+02048.000000,-00192.000000
					Vertex   -01638.801000,-01257.508000,-00192.000000
					Vertex   -01908.427000,-00790.506200,-00192.000000
					Vertex   -02047.997000,-00269.633000,-00192.000000
					Vertex   -02047.999000,+00269.615000,-00192.000000
					Vertex   -01908.434000,+00790.489400,-00192.000000
					Vertex   -01638.812000,+01257.493000,-00192.000000
					Vertex   -01257.508000,+01638.801000,-00192.000000
					Vertex   -00790.506700,+01908.427000,-00192.000000
					Vertex   -00269.632600,+02047.997000,-00192.000000
				End Polygon
			End PolyList
		End Brush
		Brush=Model'Model_6'
		BrushComponent=BrushComponent0
		ActorLabel="Polys1770_Brush"
		Tags(0)="Brush"
	End Actor
	Begin Actor Class=Brush Name=Polys1772_Brush
		Begin Object Name="BrushComponent0"
			RelativeLocation=(X=0.000000,Y=0.000000,Z=384.000000)
		End Object
		BrushType=Brush_Subtract
		Begin Brush Name=Model_6
			Begin PolyList
				Begin Polygon Item=Side Texture=/Game/Materials/M20tex/M20_security_gate_wall_Mat.M20_security_gate_wall_Mat LightMapScale=128.0 Link=0
					Origin   -04608.000000,+00000.000000,-00896.000000
					Normal   +00000.000000,+00001.000000,+00000.000000
					TextureU -00000.055555,+00000.000000,+00000.000000
					TextureV +00000.000000,+00000.000000,-00000.099998
					Vertex   -02048.000000,+00000.000000,-00128.000000
					Vertex   -04608.000000,+00000.000000,+02432.000000
					Vertex   +00000.000000,+00000.000000,+02432.000000
					Vertex   +00000.000000,+00000.000000,-00128.000000
				End Polygon
				Begin Polygon Item=Side Texture=/Game/Materials/M20tex/M20_security_gate_wall_Mat.M20_security_gate_wall_Mat LightMapScale=128.0 Link=1
					Origin   +00000.000000,+00000.000000,-00896.000000
					Normal   +00000.000000,+00001.000000,+00000.000000
					TextureU +00000.055555,+00000.000000,+00000.000000
					TextureV +00000.000000,+00000.000000,+00000.099998
					Vertex   +00000.000000,+00000.000000,-00128.000000
					Vertex   +00000.000000,+00000.000000,+02432.000000
					Vertex   +04608.000000,+00000.000000,+02432.000000
					Vertex   +02048.000000,+00000.000000,-00128.000000
				End Polygon
				Begin Polygon Item=Side Texture=/Game/Materials/M20tex/M20_security_gate_wall_Mat.M20_security_gate_wall_Mat LightMapScale=128.0 Link=2
					Origin   -02048.000000,+00000.000000,-00128.000000
					Normal   +00000.000000,+00000.000000,-00001.000000
					TextureU +00000.000000,-00001.000000,+00000.000000
					TextureV -00001.000000,+00000.000000,+00000.000000
					Vertex   -02048.000000,+00000.000000,-00128.000000
					Vertex   +00000.000000,+00000.000000,-00128.000000
					Vertex   -01978.400000,-00529.600000,-00128.000000
				End Polygon
				Begin Polygon Item=Side Texture=/Game/Materials/SG_Icons/sky_Mat.sky_Mat LightMapScale=128.0 Link=3
					Origin   -04608.000000,-01191.500000,-00896.000000
					Normal   -00000.704075,-00000.092576,-00000.704065
					TextureU +00000.006978,-00000.053061,+00000.000000
					TextureV +00000.012174,+00000.001602,-00000.012385
					Vertex   -04608.000000,+00000.000000,+02432.000000
					Vertex   -02048.000000,+00000.000000,-00128.000000
					Vertex   -01978.400000,-00529.600000,-00128.000000
					Vertex   -04451.300000,-01191.500000,+02432.000000
				End Polygon
				Begin Polygon Item=Side Texture=/Game/Materials/M20tex/M20_security_gate_wall_Mat.M20_security_gate_wall_Mat LightMapScale=128.0 Link=4
					Origin   -04608.000000,-01191.500000,+01664.000000
					Normal   +00000.000000,+00000.000000,+00001.000000
					TextureU +00000.028016,-00000.213020,+00000.000000
					TextureV -00000.055080,-00000.007243,+00000.000000
					Vertex   -04608.000000,+00000.000000,+02432.000000
					Vertex   -04451.300000,-01191.500000,+02432.000000
					Vertex   +00000.000000,+00000.000000,+02432.000000
				End Polygon
				Begin Polygon Item=Side Texture=/Game/Materials/M20tex/M20_security_gate_wall_Mat.M20_security_gate_wall_Mat LightMapScale=128.0 Link=5
					Origin   -01978.400000,-00529.600000,-00128.000000
					Normal   +00000.000000,+00000.000000,-00001.000000
					TextureU +00000.258586,-00000.965988,+00000.000000
					TextureV -00000.965988,-00000.258586,+00000.000000
					Vertex   -01978.400000,-00529.600000,-00128.000000
					Vertex   +00000.000000,+00000.000000,-00128.000000
					Vertex   -01773.800000,-01023.800000,-00127.999900
				End Polygon
				Begin Polygon Item=Side Texture=/Game/Materials/SG_Icons/sky_Mat.sky_Mat LightMapScale=128.0 Link=6
					Origin   -04451.300000,-02303.500000,-00895.999900
					Normal   -00000.656139,-00000.271655,-00000.704050
					TextureU -00000.013739,+00000.033187,+00000.000000
					TextureV -00000.011242,-00000.004655,+00000.012273
					Vertex   -04451.300000,-01191.500000,+02432.000000
					Vertex   -01978.400000,-00529.600000,-00128.000000
					Vertex   -01773.800000,-01023.800000,-00127.999900
					Vertex   -03990.900000,-02303.500000,+02432.000000
				End Polygon
				Begin Polygon Item=Side Texture=/Game/Materials/M20tex/M20_security_gate_wall_Mat.M20_security_gate_wall_Mat LightMapScale=128.0 Link=7
					Origin   -04451.300000,-02303.500000,+01664.000000
					Normal   +00000.000000,+00000.000000,+00001.000000
					TextureU -00000.042514,+00000.102682,+00000.000000
					TextureV +00000.053136,+00000.021999,+00000.000000
					Vertex   -04451.300000,-01191.500000,+02432.000000
					Vertex   -03990.900000,-02303.500000,+02432.000000
					Vertex   +00000.000000,+00000.000000,+02432.000000
				End Polygon
				Begin Polygon Item=Side Texture=/Game/Materials/M20tex/M20_security_gate_wall_Mat.M20_security_gate_wall_Mat LightMapScale=128.0 Link=8
					Origin   -01773.800000,-01023.800000,-00127.999900
					Normal   +00000.000000,+00000.000000,-00001.000000
					TextureU +00000.499889,-00000.866090,+00000.000000
					TextureV -00000.866090,-00000.499889,+00000.000000
					Vertex   -01773.800000,-01023.800000,-00127.999900
					Vertex   +00000.000000,+00000.000000,-00128.000000
					Vertex   -01448.200000,-01448.200000,-00127.999900
				End Polygon
				Begin Polygon Item=Side Texture=/Game/Materials/SG_Icons/sky_Mat.sky_Mat LightMapScale=128.0 Link=9
					Origin   -03990.900000,-03258.300000,-00895.999900
					Normal   -00000.563424,-00000.432290,-00000.704045
					TextureU -00000.017483,+00000.022787,+00000.000000
					TextureV -00000.009907,-00000.007602,+00000.012596
					Vertex   -03990.900000,-02303.500000,+02432.000000
					Vertex   -01773.800000,-01023.800000,-00127.999900
					Vertex   -01448.200000,-01448.200000,-00127.999900
					Vertex   -03258.300000,-03258.300000,+02432.000000
				End Polygon
				Begin Polygon Item=Side Texture=/Game/Materials/M20tex/M20_security_gate_wall_Mat.M20_security_gate_wall_Mat LightMapScale=128.0 Link=10
					Origin   -03990.900000,-03258.300000,+01664.000000
					Normal   +00000.000000,+00000.000000,+00001.000000
					TextureU -00000.047828,+00000.062333,+00000.000000
					TextureV +00000.050891,+00000.039047,+00000.000000
					Vertex   -03990.900000,-02303.500000,+02432.000000
					Vertex   -03258.300000,-03258.300000,+02432.000000
					Vertex   +00000.000000,+00000.000000,+02432.000000
				End Polygon
				Begin Polygon Item=Side Texture=/Game/Materials/M20tex/M20_security_gate_wall_Mat.M20_security_gate_wall_Mat LightMapScale=128.0 Link=11
					Origin   -01448.200000,-01448.200000,-00127.999900
					Normal   +00000.000000,+00000.000000,-00001.000000
					TextureU +00000.707107,-00000.707107,+00000.000000
					TextureV -00000.707107,-00000.707107,+00000.000000
					Vertex   -01448.200000,-01448.200000,-00127.999900
					Vertex   +00000.000000,+00000.000000,-00128.000000
					Vertex   -01024.500000,-01773.400000,-00127.999800
				End Polygon
				Begin Polygon Item=Side Texture=/Game/Materials/SG_Icons/sky_Mat.sky_Mat LightMapScale=128.0 Link=12
					Origin   -03258.300000,-03990.100000,-00895.999900
					Normal   -00000.432409,-00000.563318,-00000.704057
					TextureU +00000.020347,-00000.015620,+00000.000000
					TextureV +00000.008091,+00000.010541,-00000.013403
					Vertex   -03258.300000,-03258.300000,+02432.000000
					Vertex   -01448.200000,-01448.200000,-00127.999900
					Vertex   -01024.500000,-01773.400000,-00127.999800
					Vertex   -02305.000000,-03990.100000,+02432.000000
				End Polygon
				Begin Polygon Item=Side Texture=/Game/Materials/M20tex/M20_security_gate_wall_Mat.M20_security_gate_wall_Mat LightMapScale=128.0 Link=13
					Origin   -03258.300000,-03990.100000,+01664.000000
					Normal   +00000.000000,+00000.000000,+00001.000000
					TextureU +00000.050893,-00000.039067,+00000.000000
					TextureV -00000.047842,-00000.062322,+00000.000000
					Vertex   -03258.300000,-03258.300000,+02432.000000
					Vertex   -02305.000000,-03990.100000,+02432.000000
					Vertex   +00000.000000,+00000.000000,+02432.000000
				End Polygon
				Begin Polygon Item=Side Texture=/Game/Materials/M20tex/M20_security_gate_wall_Mat.M20_security_gate_wall_Mat LightMapScale=128.0 Link=14
					Origin   -01024.500000,-01773.400000,-00127.999800
					Normal   +00000.000000,+00000.000000,-00001.000000
					TextureU +00000.865893,-00000.500230,+00000.000000
					TextureV -00000.500230,-00000.865893,+00000.000000
					Vertex   -01024.500000,-01773.400000,-00127.999800
					Vertex   +00000.000000,+00000.000000,-00128.000000
					Vertex   -00530.300000,-01978.100000,-00127.999800
				End Polygon
				Begin Polygon Item=Side Texture=/Game/Materials/SG_Icons/sky_Mat.sky_Mat LightMapScale=128.0 Link=15
					Origin   -02305.000000,-04450.800000,-00895.999900
					Normal   -00000.271820,-00000.656060,-00000.704059
					TextureU -00000.022923,+00000.009500,+00000.000000
					TextureV -00000.005623,-00000.013570,+00000.014816
					Vertex   -02305.000000,-03990.100000,+02432.000000
					Vertex   -01024.500000,-01773.400000,-00127.999800
					Vertex   -00530.300000,-01978.100000,-00127.999800
					Vertex   -01193.200000,-04450.800000,+02432.000000
				End Polygon
				Begin Polygon Item=Side Texture=/Game/Materials/M20tex/M20_security_gate_wall_Mat.M20_security_gate_wall_Mat LightMapScale=128.0 Link=16
					Origin   -02305.000000,-04450.800000,+01664.000000
					Normal   +00000.000000,+00000.000000,+00001.000000
					TextureU -00000.053137,+00000.022017,+00000.000000
					TextureV +00000.042515,+00000.102601,+00000.000000
					Vertex   -02305.000000,-03990.100000,+02432.000000
					Vertex   -01193.200000,-04450.800000,+02432.000000
					Vertex   +00000.000000,+00000.000000,+02432.000000
				End Polygon
				Begin Polygon Item=Side Texture=/Game/Materials/M20tex/M20_security_gate_wall_Mat.M20_security_gate_wall_Mat LightMapScale=128.0 Link=17
					Origin   -00530.300000,-01978.100000,-00127.999800
					Normal   +00000.000000,+00000.000000,-00001.000000
					TextureU +00000.965893,-00000.258942,+00000.000000
					TextureV -00000.258942,-00000.965893,+00000.000000
					Vertex   -00530.300000,-01978.100000,-00127.999800
					Vertex   +00000.000000,+00000.000000,-00128.000000
					Vertex   +00000.000000,-02048.000000,-00127.999800
				End Polygon
				Begin Polygon Item=Side Texture=/Game/Materials/SG_Icons/sky_Mat.sky_Mat LightMapScale=128.0 Link=18
					Origin   -01193.200000,-04608.000000,-00895.999800
					Normal   -00000.092771,-00000.704054,-00000.704061
					TextureU +00000.025345,-00000.003340,+00000.000000
					TextureV +00000.002214,+00000.016806,-00000.017098
					Vertex   -01193.200000,-04450.800000,+02432.000000
					Vertex   -00530.300000,-01978.100000,-00127.999800
					Vertex   +00000.000000,-02048.000000,-00127.999800
					Vertex   +00000.000000,-04608.000000,+02432.000000
				End Polygon
				Begin Polygon Item=Side Texture=/Game/Materials/M20tex/M20_security_gate_wall_Mat.M20_security_gate_wall_Mat LightMapScale=128.0 Link=19
					Origin   -01193.200000,-04608.000000,+01664.000000
					Normal   +00000.000000,+00000.000000,+00001.000000
					TextureU +00000.055080,-00000.007253,+00000.000000
					TextureV -00000.028024,-00000.212708,+00000.000000
					Vertex   -01193.200000,-04450.800000,+02432.000000
					Vertex   +00000.000000,-04608.000000,+02432.000000
					Vertex   +00000.000000,+00000.000000,+02432.000000
				End Polygon
				Begin Polygon Item=Side Texture=/Game/Materials/M20tex/M20_security_gate_wall_Mat.M20_security_gate_wall_Mat LightMapScale=128.0 Link=20
					Origin   +00000.000000,-02048.000000,-00127.999800
					Normal   +00000.000000,+00000.000000,-00001.000000
					TextureU +00001.000000,+00000.000000,+00000.000000
					TextureV +00000.000000,-00001.000000,+00000.000000
					Vertex   +00000.000000,-02048.000000,-00127.999800
					Vertex   +00000.000000,+00000.000000,-00128.000000
					Vertex   +00529.600000,-01978.400000,-00127.999800
				End Polygon
				Begin Polygon Item=Side Texture=/Game/Materials/SG_Icons/sky_Mat.sky_Mat LightMapScale=128.0 Link=21
					Origin   +00000.000000,-04608.000000,-00895.999800
					Normal   +00000.092576,-00000.704075,-00000.704065
					TextureU +00000.027438,+00000.003607,+00000.000000
					TextureV -00000.002682,+00000.020392,-00000.020745
					Vertex   +00000.000000,-04608.000000,+02432.000000
					Vertex   +00000.000000,-02048.000000,-00127.999800
					Vertex   +00529.600000,-01978.400000,-00127.999800
					Vertex   +01191.500000,-04451.300000,+02432.000000
				End Polygon
				Begin Polygon Item=Side Texture=/Game/Materials/M20tex/M20_security_gate_wall_Mat.M20_security_gate_wall_Mat LightMapScale=128.0 Link=22
					Origin   +00000.000000,-04608.000000,+01664.000000
					Normal   +00000.000000,+00000.000000,+00001.000000
					TextureU +00000.055081,+00000.007247,+00000.000000
					TextureV +00000.028016,-00000.213020,+00000.000000
					Vertex   +00000.000000,-04608.000000,+02432.000000
					Vertex   +01191.500000,-04451.300000,+02432.000000
					Vertex   +00000.000000,+00000.000000,+02432.000000
				End Polygon
				Begin Polygon Item=Side Texture=/Game/Materials/M20tex/M20_security_gate_wall_Mat.M20_security_gate_wall_Mat LightMapScale=128.0 Link=23
					Origin   +00529.600000,-01978.400000,-00127.999800
					Normal   +00000.000000,+00000.000000,-00001.000000
					TextureU +00000.965988,+00000.258586,+00000.000000
					TextureV +00000.258586,-00000.965988,+00000.000000
					Vertex   +00529.600000,-01978.400000,-00127.999800
					Vertex   +00000.000000,+00000.000000,-00128.000000
					Vertex   +01023.800000,-01773.800000,-00127.999800
				End Polygon
				Begin Polygon Item=Side Texture=/Game/Materials/SG_Icons/sky_Mat.sky_Mat LightMapScale=128.0 Link=24
					Origin   +00529.600000,-04451.300000,-00895.999900
					Normal   +00000.271655,-00000.656139,-00000.704050
					TextureU -00000.028720,-00000.011889,+00000.000000
					TextureV +00000.010141,-00000.024491,+00000.026738
					Vertex   +01191.500000,-04451.300000,+02432.000000
					Vertex   +00529.600000,-01978.400000,-00127.999800
					Vertex   +01023.800000,-01773.800000,-00127.999800
					Vertex   +02303.500000,-03990.900000,+02432.000000
				End Polygon
				Begin Polygon Item=Side Texture=/Game/Materials/M20tex/M20_security_gate_wall_Mat.M20_security_gate_wall_Mat LightMapScale=128.0 Link=25
					Origin   +00000.000000,-04451.300000,+01664.000000
					Normal   +00000.000000,+00000.000000,+00001.000000
					TextureU -00000.053136,-00000.022002,+00000.000000
					TextureV -00000.042514,+00000.102682,+00000.000000
					Vertex   +01191.500000,-04451.300000,+02432.000000
					Vertex   +02303.500000,-03990.900000,+02432.000000
					Vertex   +00000.000000,+00000.000000,+02432.000000
				End Polygon
				Begin Polygon Item=Side Texture=/Game/Materials/M20tex/M20_security_gate_wall_Mat.M20_security_gate_wall_Mat LightMapScale=128.0 Link=26
					Origin   +01023.800000,-01773.800000,-00127.999800
					Normal   +00000.000000,+00000.000000,-00001.000000
					TextureU +00000.866090,+00000.499889,+00000.000000
					TextureV +00000.499889,-00000.866090,+00000.000000
					Vertex   +01023.800000,-01773.800000,-00127.999800
					Vertex   +00000.000000,+00000.000000,-00128.000000
					Vertex   +01448.200000,-01448.200000,-00127.999900
				End Polygon
				Begin Polygon Item=Side Texture=/Game/Materials/SG_Icons/sky_Mat.sky_Mat LightMapScale=128.0 Link=27
					Origin   +01023.800000,-03990.900000,-00895.999900
					Normal   +00000.432290,-00000.563424,-00000.704045
					TextureU -00000.028451,-00000.021827,+00000.000000
					TextureV +00000.022564,-00000.029406,+00000.037387
					Vertex   +02303.500000,-03990.900000,+02432.000000
					Vertex   +01023.800000,-01773.800000,-00127.999800
					Vertex   +01448.200000,-01448.200000,-00127.999900
					Vertex   +03258.300000,-03258.300000,+02432.000000
				End Polygon
				Begin Polygon Item=Side Texture=/Game/Materials/M20tex/M20_security_gate_wall_Mat.M20_security_gate_wall_Mat LightMapScale=128.0 Link=28
					Origin   +00000.000000,-03990.900000,+01664.000000
					Normal   +00000.000000,+00000.000000,+00001.000000
					TextureU -00000.050891,-00000.039049,+00000.000000
					TextureV -00000.047828,+00000.062333,+00000.000000
					Vertex   +02303.500000,-03990.900000,+02432.000000
					Vertex   +03258.300000,-03258.300000,+02432.000000
