Begin Map
	Begin Level Name=/Game/M12D
	Begin Actor Class=Brush Name=BigAdditiveBrush
		Begin Object Name="BrushComponent0"
			RelativeLocation=(X=-2643.805000,Y=6857.250000,Z=9344.000000)
		End Object
		BrushType=Brush_Add
		Begin Brush Name=Model_6
			Begin PolyList
				Begin Polygon Item=Side LightMapScale=2048.0 Link=0
					Origin   +00000.000000,+00000.000000,+00000.000000
					Normal   -00001.000000,+00000.000000,+00000.000000
					TextureU +00000.000000,+00001.000000,+00000.000000
					TextureV +00000.000000,+00000.000000,-00001.000000
					Vertex   -23271.805000,-26010.750000,-10948.000000
					Vertex   -23271.805000,-26010.750000,+10948.000000
					Vertex   -23271.805000,+26010.750000,+10948.000000
					Vertex   -23271.805000,+26010.750000,-10948.000000
				End Polygon
				Begin Polygon Item=Side LightMapScale=2048.0 Link=1
					Origin   +00000.000000,+00000.000000,+00000.000000
					Normal   +00000.000000,+00001.000000,+00000.000000
					TextureU +00001.000000,+00000.000000,+00000.000000
					TextureV +00000.000000,+00000.000000,-00001.000000
					Vertex   -23271.805000,+26010.750000,-10948.000000
					Vertex   -23271.805000,+26010.750000,+10948.000000
					Vertex   +23271.805000,+26010.750000,+10948.000000
					Vertex   +23271.805000,+26010.750000,-10948.000000
				End Polygon
				Begin Polygon Item=Side LightMapScale=2048.0 Link=2
					Origin   +00000.000000,+00000.000000,+00000.000000
					Normal   +00001.000000,+00000.000000,+00000.000000
					TextureU +00000.000000,-00001.000000,+00000.000000
					TextureV +00000.000000,+00000.000000,-00001.000000
					Vertex   +23271.805000,+26010.750000,-10948.000000
					Vertex   +23271.805000,+26010.750000,+10948.000000
					Vertex   +23271.805000,-26010.750000,+10948.000000
					Vertex   +23271.805000,-26010.750000,-10948.000000
				End Polygon
				Begin Polygon Item=Side LightMapScale=2048.0 Link=3
					Origin   +00000.000000,+00000.000000,+00000.000000
					Normal   +00000.000000,-00001.000000,+00000.000000
					TextureU -00001.000000,+00000.000000,+00000.000000
					TextureV +00000.000000,+00000.000000,-00001.000000
					Vertex   +23271.805000,-26010.750000,-10948.000000
					Vertex   +23271.805000,-26010.750000,+10948.000000
					Vertex   -23271.805000,-26010.750000,+10948.000000
					Vertex   -23271.805000,-26010.750000,-10948.000000
				End Polygon
				Begin Polygon Item=Side LightMapScale=2048.0 Link=4
					Origin   +00000.000000,+00000.000000,+00000.000000
					Normal   +00000.000000,+00000.000000,+00001.000000
					TextureU +00001.000000,+00000.000000,+00000.000000
					TextureV +00000.000000,+00001.000000,+00000.000000
					Vertex   -23271.805000,+26010.750000,+10948.000000
					Vertex   -23271.805000,-26010.750000,+10948.000000
					Vertex   +23271.805000,-26010.750000,+10948.000000
					Vertex   +23271.805000,+26010.750000,+10948.000000
				End Polygon
				Begin Polygon Item=Side LightMapScale=2048.0 Link=5
					Origin   +00000.000000,+00000.000000,+00000.000000
					Normal   +00000.000000,+00000.000000,-00001.000000
					TextureU +00001.000000,+00000.000000,+00000.000000
					TextureV +00000.000000,-00001.000000,+00000.000000
					Vertex   -23271.805000,-26010.750000,-10948.000000
					Vertex   -23271.805000,+26010.750000,-10948.000000
					Vertex   +23271.805000,+26010.750000,-10948.000000
					Vertex   +23271.805000,-26010.750000,-10948.000000
				End Polygon
			End PolyList
		End Brush
		Brush=Model'Model_6'
		BrushComponent=BrushComponent0
		ActorLabel="BigAdditiveBrush"
	End Actor
	Begin Actor Class=Note Name=LevelInfo0_Note
		Begin Object Class=SceneComponent Name="SceneComp"
		End Object
		Begin Object Name="SceneComp"
			RelativeLocation=(X=0.000000,Y=0.000000,Z=0.000000)
		End Object
		Text=""
		RootComponent=SceneComp
		SpriteScale=4.0
		ActorLabel="LevelInfo0_Note"
	End Actor
	Begin Actor Class=Note Name=DefaultPhysicsVolume0_DefaultPhysicsVolume
		Begin Object Class=SceneComponent Name="SceneComp"
		End Object
		Begin Object Name="SceneComp"
			RelativeLocation=(X=0.000000,Y=0.000000,Z=0.000000)
		End Object
		Text="Unconverted: DefaultPhysicsVolume"
		RootComponent=SceneComp
		ActorLabel="DefaultPhysicsVolume0_DefaultPhysicsVolume"
		Tags(0)="DefaultPhysicsVolume"
	End Actor
	Begin Actor Class=Note Name=InterpolationPoint13_InterpolationPoint
		Begin Object Class=SceneComponent Name="SceneComp"
		End Object
		Begin Object Name="SceneComp"
			RelativeLocation=(X=11122.320000,Y=-18428.850000,Z=7283.999000)
			RelativeRotation=(Pitch=336.599121,Yaw=-1540.458984,Roll=0.000000)
		End Object
		Text="Unconverted: InterpolationPoint"
		RootComponent=SceneComp
		ActorLabel="InterpolationPoint13_InterpolationPoint"
		Tags(0)="InterpolationPoint"
	End Actor
	Begin Actor Class=Note Name=InterpolationPoint14_InterpolationPoint
		Begin Object Class=SceneComponent Name="SceneComp"
		End Object
		Begin Object Name="SceneComp"
			RelativeLocation=(X=-19239.770000,Y=-14539.260000,Z=5829.601000)
			RelativeRotation=(Pitch=336.599121,Yaw=-1640.610352,Roll=0.000000)
		End Object
		Text="Unconverted: InterpolationPoint"
		RootComponent=SceneComp
		ActorLabel="InterpolationPoint14_InterpolationPoint"
		Tags(0)="InterpolationPoint"
	End Actor
	Begin Actor Class=Note Name=InterpolationPoint23_InterpolationPoint
		Begin Object Class=SceneComponent Name="SceneComp"
		End Object
		Begin Object Name="SceneComp"
			RelativeLocation=(X=-4776.223000,Y=31082.420000,Z=11313.600000)
			RelativeRotation=(Pitch=345.146484,Yaw=-1197.773438,Roll=0.000000)
		End Object
		Text="Unconverted: InterpolationPoint"
		RootComponent=SceneComp
		ActorLabel="InterpolationPoint23_InterpolationPoint"
		Tags(0)="InterpolationPoint"
	End Actor
	Begin Actor Class=Note Name=InterpolationPoint25_InterpolationPoint
		Begin Object Class=SceneComponent Name="SceneComp"
		End Object
		Begin Object Name="SceneComp"
			RelativeLocation=(X=-26378.800000,Y=1582.701000,Z=13641.600000)
			RelativeRotation=(Pitch=1.999512,Yaw=-1166.989746,Roll=0.000000)
		End Object
		Text="Unconverted: InterpolationPoint"
		RootComponent=SceneComp
		ActorLabel="InterpolationPoint25_InterpolationPoint"
		Tags(0)="InterpolationPoint"
	End Actor
	Begin Actor Class=Note Name=InterpolationPoint26_InterpolationPoint
		Begin Object Class=SceneComponent Name="SceneComp"
		End Object
		Begin Object Name="SceneComp"
			RelativeLocation=(X=-17864.130000,Y=-9904.012000,Z=13833.600000)
			RelativeRotation=(Pitch=357.121582,Yaw=-1078.967285,Roll=0.000000)
		End Object
		Text="Unconverted: InterpolationPoint"
		RootComponent=SceneComp
		ActorLabel="InterpolationPoint26_InterpolationPoint"
		Tags(0)="InterpolationPoint"
	End Actor
	Begin Actor Class=Note Name=SGLevelGamePlay1_SGLevelGamePlay
		Begin Object Class=SceneComponent Name="SceneComp"
		End Object
		Begin Object Name="SceneComp"
			RelativeLocation=(X=-22678.820000,Y=-17862.260000,Z=5300.000000)
			RelativeRotation=(Pitch=0.000000,Yaw=90.000000,Roll=0.000000)
		End Object
		Text="Unconverted: SGLevelGamePlay"
		RootComponent=SceneComp
		ActorLabel="SGLevelGamePlay1_SGLevelGamePlay"
		Tags(0)="SGLevelGamePlay"
	End Actor
	Begin Actor Class=Note Name=12a_01_n,State=IMSTATE_AMBIENT,TypeStart=True,TypeEnd=False,TypeLoop=False,Transition=((Filename=12a_02_n,TransitionIndex=0),(Filename=12a_02_nc,TransitionIndex=0)),TransitionFlags=0,TestedValue=0),(Segment_IMusicActorA
		Begin Object Class=SceneComponent Name="SceneComp"
		End Object
		Begin Object Name="SceneComp"
			RelativeLocation=(X=-22823.590000,Y=-18834.790000,Z=7786.000000)
			RelativeScale3D=(X=0.250000,Y=0.250000,Z=1.000000)
		End Object
		Text="Unconverted: IMusicActor"
		RootComponent=SceneComp
		SpriteScale=50.0
		ActorLabel="12a_01_n,State=IMSTATE_AMBIENT,TypeStart=True,TypeEnd=False,TypeLoop=False,Transition=((Filename=12a_02_n,TransitionIndex=0),(Filename=12a_02_nc,TransitionIndex=0)),TransitionFlags=0,TestedValue=0),(Segment_IMusicActorA"
		Tags(0)="IMusicActorA"
	End Actor
	Begin Actor Class=TriggerVolume Name=ScriptedTrigger10_gotocombatmusic
		Begin Object Name="BrushComponent0"
			RelativeLocation=(X=-22677.520000,Y=-18273.140000,Z=7614.000000)
		End Object
		BrushType=Brush_Add
		Begin Brush Name=Model_6
			Begin PolyList
				Begin Polygon Item=Side Link=0
					Origin   -00036.981812,-00020.402273,-00022.149705
					Normal   +00000.157074,-00000.024980,-00000.987271
					TextureU +00000.987579,+00000.000000,+00000.157126
					TextureV -00000.004057,-00000.999688,+00000.024649
					Vertex   -00036.981812,-00020.402273,-00022.149705
					Vertex   -00036.819515,+00019.585245,-00023.135646
					Vertex   -00009.998647,+00018.996786,-00042.587155
					Vertex   -00010.160945,-00020.990732,-00041.601214
				End Polygon
				Begin Polygon Item=Side Link=1
					Origin   -00010.160945,-00020.990732,-00041.601214
					Normal   +00000.157074,-00000.024980,-00000.987271
					TextureU +00000.987579,+00000.000000,+00000.157126
					TextureV -00000.004057,-00000.999688,+00000.024649
					Vertex   -00010.160945,-00020.990732,-00041.601214
					Vertex   -00009.998647,+00018.996786,-00042.587155
					Vertex   +00022.726828,+00018.992340,-00037.380462
					Vertex   +00022.564530,-00020.995178,-00036.394520
				End Polygon
				Begin Polygon Item=Side Link=2
					Origin   +00022.564530,-00020.995178,-00036.394520
					Normal   +00000.157074,-00000.024980,-00000.987271
					TextureU +00000.987579,+00000.000000,+00000.157126
					TextureV -00000.004057,-00000.999688,+00000.024649
					Vertex   +00022.564530,-00020.995178,-00036.394520
					Vertex   +00022.726828,+00018.992340,-00037.380462
					Vertex   +00042.186771,+00019.574512,-00010.565576
					Vertex   +00042.024474,-00020.413006,-00009.579635
				End Polygon
				Begin Polygon Item=Side Link=3
					Origin   +00042.024474,-00020.413006,-00009.579635
					Normal   +00000.157074,-00000.024980,-00000.987271
					TextureU +00000.987579,+00000.000000,+00000.157126
					TextureV -00000.004057,-00000.999688,+00000.024649
					Vertex   +00042.024474,-00020.413006,-00009.579635
					Vertex   +00042.186771,+00019.574512,-00010.565576
					Vertex   +00036.981812,+00020.402273,+00022.149705
					Vertex   +00036.819515,-00019.585245,+00023.135646
				End Polygon
				Begin Polygon Item=Side Link=4
					Origin   +00036.819515,-00019.585245,+00023.135646
					Normal   +00000.157074,-00000.024980,-00000.987271
					TextureU +00000.987579,+00000.000000,+00000.157126
					TextureV -00000.004057,-00000.999688,+00000.024649
					Vertex   +00036.819515,-00019.585245,+00023.135646
					Vertex   +00036.981812,+00020.402273,+00022.149705
					Vertex   +00010.160945,+00020.990732,+00041.601214
					Vertex   +00009.998647,-00018.996786,+00042.587155
				End Polygon
				Begin Polygon Item=Side Link=5
					Origin   +00009.998647,-00018.996786,+00042.587155
					Normal   +00000.157074,-00000.024980,-00000.987271
					TextureU +00000.987579,+00000.000000,+00000.157126
					TextureV -00000.004057,-00000.999688,+00000.024649
					Vertex   +00009.998647,-00018.996786,+00042.587155
					Vertex   +00010.160945,+00020.990732,+00041.601214
					Vertex   -00022.564530,+00020.995178,+00036.394520
					Vertex   -00022.726828,-00018.992340,+00037.380462
				End Polygon
				Begin Polygon Item=Side Link=6
					Origin   -00022.726828,-00018.992340,+00037.380462
					Normal   +00000.157074,-00000.024980,-00000.987271
					TextureU +00000.987579,+00000.000000,+00000.157126
					TextureV -00000.004057,-00000.999688,+00000.024649
					Vertex   -00022.726828,-00018.992340,+00037.380462
					Vertex   -00022.564530,+00020.995178,+00036.394520
					Vertex   -00042.024474,+00020.413006,+00009.579635
					Vertex   -00042.186771,-00019.574512,+00010.565576
				End Polygon
				Begin Polygon Item=Side Link=7
					Origin   -00042.186771,-00019.574512,+00010.565576
					Normal   +00000.157074,-00000.024980,-00000.987271
					TextureU +00000.987579,+00000.000000,+00000.157126
					TextureV -00000.004057,-00000.999688,+00000.024649
					Vertex   -00042.186771,-00019.574512,+00010.565576
					Vertex   -00042.024474,+00020.413006,+00009.579635
					Vertex   -00036.819515,+00019.585245,-00023.135646
					Vertex   -00036.981812,-00020.402273,-00022.149705
				End Polygon
				Begin Polygon Item=Side Link=8
					Origin   -00042.024474,+00020.413006,+00009.579635
					Normal   +00000.157074,-00000.024980,-00000.987271
					TextureU +00000.987579,+00000.000000,+00000.157126
					TextureV -00000.004057,-00000.999688,+00000.024649
					Vertex   -00042.024474,+00020.413006,+00009.579635
					Vertex   -00022.564530,+00020.995178,+00036.394520
					Vertex   +00010.160945,+00020.990732,+00041.601214
					Vertex   +00036.981812,+00020.402273,+00022.149705
					Vertex   +00042.186771,+00019.574512,-00010.565576
					Vertex   +00022.726828,+00018.992340,-00037.380462
					Vertex   -00009.998647,+00018.996786,-00042.587155
					Vertex   -00036.819515,+00019.585245,-00023.135646
				End Polygon
				Begin Polygon Item=Side Link=9
					Origin   -00036.981812,-00020.402273,-00022.149705
					Normal   +00000.157074,-00000.024980,-00000.987271
					TextureU +00000.987579,+00000.000000,+00000.157126
					TextureV -00000.004057,-00000.999688,+00000.024649
					Vertex   -00036.981812,-00020.402273,-00022.149705
					Vertex   -00010.160945,-00020.990732,-00041.601214
					Vertex   +00022.564530,-00020.995178,-00036.394520
					Vertex   +00042.024474,-00020.413006,-00009.579635
					Vertex   +00036.819515,-00019.585245,+00023.135646
					Vertex   +00009.998647,-00018.996786,+00042.587155
					Vertex   -00022.726828,-00018.992340,+00037.380462
					Vertex   -00042.186771,-00019.574512,+00010.565576
				End Polygon
			End PolyList
		End Brush
		Brush=Model'Model_6'
		BrushComponent=BrushComponent0
		SpriteScale=1.0
		ActorLabel="ScriptedTrigger10_gotocombatmusic"
		Tags(0)="gotocombatmusic"
	End Actor
	Begin Actor Class=TriggerVolume Name=ScriptedTrigger23_GotoambientMusic
		Begin Object Name="BrushComponent0"
			RelativeLocation=(X=-22734.360000,Y=-18316.000000,Z=7614.000000)
		End Object
		BrushType=Brush_Add
		Begin Brush Name=Model_6
			Begin PolyList
				Begin Polygon Item=Side Link=0
					Origin   -00036.981812,-00020.402273,-00022.149705
					Normal   +00000.157074,-00000.024980,-00000.987271
					TextureU +00000.987579,+00000.000000,+00000.157126
					TextureV -00000.004057,-00000.999688,+00000.024649
					Vertex   -00036.981812,-00020.402273,-00022.149705
					Vertex   -00036.819515,+00019.585245,-00023.135646
					Vertex   -00009.998647,+00018.996786,-00042.587155
					Vertex   -00010.160945,-00020.990732,-00041.601214
				End Polygon
				Begin Polygon Item=Side Link=1
					Origin   -00010.160945,-00020.990732,-00041.601214
					Normal   +00000.157074,-00000.024980,-00000.987271
					TextureU +00000.987579,+00000.000000,+00000.157126
					TextureV -00000.004057,-00000.999688,+00000.024649
					Vertex   -00010.160945,-00020.990732,-00041.601214
					Vertex   -00009.998647,+00018.996786,-00042.587155
					Vertex   +00022.726828,+00018.992340,-00037.380462
					Vertex   +00022.564530,-00020.995178,-00036.394520
				End Polygon
				Begin Polygon Item=Side Link=2
					Origin   +00022.564530,-00020.995178,-00036.394520
					Normal   +00000.157074,-00000.024980,-00000.987271
					TextureU +00000.987579,+00000.000000,+00000.157126
					TextureV -00000.004057,-00000.999688,+00000.024649
					Vertex   +00022.564530,-00020.995178,-00036.394520
					Vertex   +00022.726828,+00018.992340,-00037.380462
					Vertex   +00042.186771,+00019.574512,-00010.565576
					Vertex   +00042.024474,-00020.413006,-00009.579635
				End Polygon
				Begin Polygon Item=Side Link=3
					Origin   +00042.024474,-00020.413006,-00009.579635
					Normal   +00000.157074,-00000.024980,-00000.987271
					TextureU +00000.987579,+00000.000000,+00000.157126
					TextureV -00000.004057,-00000.999688,+00000.024649
					Vertex   +00042.024474,-00020.413006,-00009.579635
					Vertex   +00042.186771,+00019.574512,-00010.565576
					Vertex   +00036.981812,+00020.402273,+00022.149705
					Vertex   +00036.819515,-00019.585245,+00023.135646
				End Polygon
				Begin Polygon Item=Side Link=4
					Origin   +00036.819515,-00019.585245,+00023.135646
					Normal   +00000.157074,-00000.024980,-00000.987271
					TextureU +00000.987579,+00000.000000,+00000.157126
					TextureV -00000.004057,-00000.999688,+00000.024649
					Vertex   +00036.819515,-00019.585245,+00023.135646
					Vertex   +00036.981812,+00020.402273,+00022.149705
					Vertex   +00010.160945,+00020.990732,+00041.601214
					Vertex   +00009.998647,-00018.996786,+00042.587155
				End Polygon
				Begin Polygon Item=Side Link=5
					Origin   +00009.998647,-00018.996786,+00042.587155
					Normal   +00000.157074,-00000.024980,-00000.987271
					TextureU +00000.987579,+00000.000000,+00000.157126
					TextureV -00000.004057,-00000.999688,+00000.024649
					Vertex   +00009.998647,-00018.996786,+00042.587155
					Vertex   +00010.160945,+00020.990732,+00041.601214
					Vertex   -00022.564530,+00020.995178,+00036.394520
					Vertex   -00022.726828,-00018.992340,+00037.380462
				End Polygon
				Begin Polygon Item=Side Link=6
					Origin   -00022.726828,-00018.992340,+00037.380462
					Normal   +00000.157074,-00000.024980,-00000.987271
					TextureU +00000.987579,+00000.000000,+00000.157126
					TextureV -00000.004057,-00000.999688,+00000.024649
					Vertex   -00022.726828,-00018.992340,+00037.380462
					Vertex   -00022.564530,+00020.995178,+00036.394520
					Vertex   -00042.024474,+00020.413006,+00009.579635
					Vertex   -00042.186771,-00019.574512,+00010.565576
				End Polygon
				Begin Polygon Item=Side Link=7
					Origin   -00042.186771,-00019.574512,+00010.565576
					Normal   +00000.157074,-00000.024980,-00000.987271
					TextureU +00000.987579,+00000.000000,+00000.157126
					TextureV -00000.004057,-00000.999688,+00000.024649
					Vertex   -00042.186771,-00019.574512,+00010.565576
					Vertex   -00042.024474,+00020.413006,+00009.579635
					Vertex   -00036.819515,+00019.585245,-00023.135646
					Vertex   -00036.981812,-00020.402273,-00022.149705
				End Polygon
				Begin Polygon Item=Side Link=8
					Origin   -00042.024474,+00020.413006,+00009.579635
					Normal   +00000.157074,-00000.024980,-00000.987271
					TextureU +00000.987579,+00000.000000,+00000.157126
					TextureV -00000.004057,-00000.999688,+00000.024649
					Vertex   -00042.024474,+00020.413006,+00009.579635
					Vertex   -00022.564530,+00020.995178,+00036.394520
					Vertex   +00010.160945,+00020.990732,+00041.601214
					Vertex   +00036.981812,+00020.402273,+00022.149705
					Vertex   +00042.186771,+00019.574512,-00010.565576
					Vertex   +00022.726828,+00018.992340,-00037.380462
					Vertex   -00009.998647,+00018.996786,-00042.587155
					Vertex   -00036.819515,+00019.585245,-00023.135646
				End Polygon
				Begin Polygon Item=Side Link=9
					Origin   -00036.981812,-00020.402273,-00022.149705
					Normal   +00000.157074,-00000.024980,-00000.987271
					TextureU +00000.987579,+00000.000000,+00000.157126
					TextureV -00000.004057,-00000.999688,+00000.024649
					Vertex   -00036.981812,-00020.402273,-00022.149705
					Vertex   -00010.160945,-00020.990732,-00041.601214
					Vertex   +00022.564530,-00020.995178,-00036.394520
					Vertex   +00042.024474,-00020.413006,-00009.579635
					Vertex   +00036.819515,-00019.585245,+00023.135646
					Vertex   +00009.998647,-00018.996786,+00042.587155
					Vertex   -00022.726828,-00018.992340,+00037.380462
					Vertex   -00042.186771,-00019.574512,+00010.565576
				End Polygon
			End PolyList
		End Brush
		Brush=Model'Model_6'
		BrushComponent=BrushComponent0
		SpriteScale=1.0
		ActorLabel="ScriptedTrigger23_GotoambientMusic"
		Tags(0)="GotoambientMusic"
	End Actor
	Begin Actor Class=TriggerVolume Name=ScriptedTrigger26_Gotononeambientmusic
		Begin Object Name="BrushComponent0"
			RelativeLocation=(X=-22728.860000,Y=-18273.080000,Z=7614.000000)
		End Object
		BrushType=Brush_Add
		Begin Brush Name=Model_6
			Begin PolyList
				Begin Polygon Item=Side Link=0
					Origin   -00036.981812,-00020.402273,-00022.149705
					Normal   +00000.157074,-00000.024980,-00000.987271
					TextureU +00000.987579,+00000.000000,+00000.157126
					TextureV -00000.004057,-00000.999688,+00000.024649
					Vertex   -00036.981812,-00020.402273,-00022.149705
					Vertex   -00036.819515,+00019.585245,-00023.135646
					Vertex   -00009.998647,+00018.996786,-00042.587155
					Vertex   -00010.160945,-00020.990732,-00041.601214
				End Polygon
				Begin Polygon Item=Side Link=1
					Origin   -00010.160945,-00020.990732,-00041.601214
					Normal   +00000.157074,-00000.024980,-00000.987271
					TextureU +00000.987579,+00000.000000,+00000.157126
					TextureV -00000.004057,-00000.999688,+00000.024649
					Vertex   -00010.160945,-00020.990732,-00041.601214
					Vertex   -00009.998647,+00018.996786,-00042.587155
					Vertex   +00022.726828,+00018.992340,-00037.380462
					Vertex   +00022.564530,-00020.995178,-00036.394520
				End Polygon
				Begin Polygon Item=Side Link=2
					Origin   +00022.564530,-00020.995178,-00036.394520
					Normal   +00000.157074,-00000.024980,-00000.987271
					TextureU +00000.987579,+00000.000000,+00000.157126
					TextureV -00000.004057,-00000.999688,+00000.024649
					Vertex   +00022.564530,-00020.995178,-00036.394520
					Vertex   +00022.726828,+00018.992340,-00037.380462
					Vertex   +00042.186771,+00019.574512,-00010.565576
					Vertex   +00042.024474,-00020.413006,-00009.579635
				End Polygon
				Begin Polygon Item=Side Link=3
					Origin   +00042.024474,-00020.413006,-00009.579635
					Normal   +00000.157074,-00000.024980,-00000.987271
					TextureU +00000.987579,+00000.000000,+00000.157126
					TextureV -00000.004057,-00000.999688,+00000.024649
					Vertex   +00042.024474,-00020.413006,-00009.579635
					Vertex   +00042.186771,+00019.574512,-00010.565576
					Vertex   +00036.981812,+00020.402273,+00022.149705
					Vertex   +00036.819515,-00019.585245,+00023.135646
				End Polygon
				Begin Polygon Item=Side Link=4
					Origin   +00036.819515,-00019.585245,+00023.135646
					Normal   +00000.157074,-00000.024980,-00000.987271
					TextureU +00000.987579,+00000.000000,+00000.157126
					TextureV -00000.004057,-00000.999688,+00000.024649
					Vertex   +00036.819515,-00019.585245,+00023.135646
					Vertex   +00036.981812,+00020.402273,+00022.149705
					Vertex   +00010.160945,+00020.990732,+00041.601214
					Vertex   +00009.998647,-00018.996786,+00042.587155
				End Polygon
				Begin Polygon Item=Side Link=5
					Origin   +00009.998647,-00018.996786,+00042.587155
					Normal   +00000.157074,-00000.024980,-00000.987271
					TextureU +00000.987579,+00000.000000,+00000.157126
					TextureV -00000.004057,-00000.999688,+00000.024649
					Vertex   +00009.998647,-00018.996786,+00042.587155
					Vertex   +00010.160945,+00020.990732,+00041.601214
					Vertex   -00022.564530,+00020.995178,+00036.394520
					Vertex   -00022.726828,-00018.992340,+00037.380462
				End Polygon
				Begin Polygon Item=Side Link=6
					Origin   -00022.726828,-00018.992340,+00037.380462
					Normal   +00000.157074,-00000.024980,-00000.987271
					TextureU +00000.987579,+00000.000000,+00000.157126
					TextureV -00000.004057,-00000.999688,+00000.024649
					Vertex   -00022.726828,-00018.992340,+00037.380462
					Vertex   -00022.564530,+00020.995178,+00036.394520
					Vertex   -00042.024474,+00020.413006,+00009.579635
					Vertex   -00042.186771,-00019.574512,+00010.565576
				End Polygon
				Begin Polygon Item=Side Link=7
					Origin   -00042.186771,-00019.574512,+00010.565576
					Normal   +00000.157074,-00000.024980,-00000.987271
					TextureU +00000.987579,+00000.000000,+00000.157126
					TextureV -00000.004057,-00000.999688,+00000.024649
					Vertex   -00042.186771,-00019.574512,+00010.565576
					Vertex   -00042.024474,+00020.413006,+00009.579635
					Vertex   -00036.819515,+00019.585245,-00023.135646
					Vertex   -00036.981812,-00020.402273,-00022.149705
				End Polygon
				Begin Polygon Item=Side Link=8
					Origin   -00042.024474,+00020.413006,+00009.579635
					Normal   +00000.157074,-00000.024980,-00000.987271
					TextureU +00000.987579,+00000.000000,+00000.157126
					TextureV -00000.004057,-00000.999688,+00000.024649
					Vertex   -00042.024474,+00020.413006,+00009.579635
					Vertex   -00022.564530,+00020.995178,+00036.394520
					Vertex   +00010.160945,+00020.990732,+00041.601214
					Vertex   +00036.981812,+00020.402273,+00022.149705
					Vertex   +00042.186771,+00019.574512,-00010.565576
					Vertex   +00022.726828,+00018.992340,-00037.380462
					Vertex   -00009.998647,+00018.996786,-00042.587155
					Vertex   -00036.819515,+00019.585245,-00023.135646
				End Polygon
				Begin Polygon Item=Side Link=9
					Origin   -00036.981812,-00020.402273,-00022.149705
					Normal   +00000.157074,-00000.024980,-00000.987271
					TextureU +00000.987579,+00000.000000,+00000.157126
					TextureV -00000.004057,-00000.999688,+00000.024649
					Vertex   -00036.981812,-00020.402273,-00022.149705
					Vertex   -00010.160945,-00020.990732,-00041.601214
					Vertex   +00022.564530,-00020.995178,-00036.394520
					Vertex   +00042.024474,-00020.413006,-00009.579635
					Vertex   +00036.819515,-00019.585245,+00023.135646
					Vertex   +00009.998647,-00018.996786,+00042.587155
					Vertex   -00022.726828,-00018.992340,+00037.380462
					Vertex   -00042.186771,-00019.574512,+00010.565576
				End Polygon
			End PolyList
		End Brush
		Brush=Model'Model_6'
		BrushComponent=BrushComponent0
		SpriteScale=1.0
		ActorLabel="ScriptedTrigger26_Gotononeambientmusic"
		Tags(0)="Gotononeambientmusic"
	End Actor
	Begin Actor Class=Brush Name=Polys10_Brush
		Begin Object Name="BrushComponent0"
			RelativeLocation=(X=12288.000000,Y=-4096.000000,Z=0.000000)
		End Object
		BrushType=Brush_Subtract
		Begin Brush Name=Model_6
			Begin PolyList
				Begin Polygon Item=Side Texture=/Game/Materials/Engine/BlackTexture_Mat.BlackTexture_Mat LightMapScale=128.0 Link=0
					Origin   -16384.000000,-16384.000000,-16384.000000
					Normal   -00001.000000,+00000.000000,+00000.000000
					TextureU +00000.000000,+00000.195312,+00000.000000
					TextureV +00000.000000,+00000.000000,-00000.195312
					Vertex   -16256.000000,-05248.000000,-01504.000000
					Vertex   -16256.000000,-05248.000000,+10384.000000
					Vertex   -16256.000000,+32768.000000,+10384.000000
					Vertex   -16256.000000,+32768.000000,-01504.000000
				End Polygon
				Begin Polygon Item=Side Texture=/Game/Materials/Engine/BlackTexture_Mat.BlackTexture_Mat LightMapScale=128.0 Link=1
					Origin   -16384.000000,+16384.000000,-16384.000000
					Normal   +00000.000000,+00001.000000,+00000.000000
					TextureU +00000.195312,+00000.000000,+00000.000000
					TextureV +00000.000000,+00000.000000,-00000.195312
					Vertex   -16256.000000,+32768.000000,-01504.000000
					Vertex   -16256.000000,+32768.000000,+10384.000000
					Vertex   -07552.000000,+32768.000000,+10384.000000
					Vertex   -07552.000000,+32768.000000,-01504.000000
				End Polygon
				Begin Polygon Item=Side Texture=/Game/Materials/M12Tex/M12_metalfloor_ps2_Mat.M12_metalfloor_ps2_Mat LightMapScale=128.0 Link=2
					Origin   -12288.000000,+04096.000000,+00000.000000
					Normal   +00001.000000,+00000.000000,+00000.000000
					TextureU -00001.000000,+00000.000000,+00000.000000
					TextureV +00000.000000,-00001.000000,+00000.000000
					Vertex   -07552.000000,+32768.000000,-01504.000000
					Vertex   -07552.000000,+32768.000000,+10384.000000
					Vertex   -07552.000000,-05248.000000,+10384.000000
					Vertex   -07552.000000,-05248.000000,-01504.000000
				End Polygon
				Begin Polygon Item=Side Texture=/Game/Materials/Engine/BlackTexture_Mat.BlackTexture_Mat LightMapScale=128.0 Link=3
					Origin   +16384.000000,-16384.000000,-16384.000000
					Normal   +00000.000000,-00001.000000,+00000.000000
					TextureU -00000.195312,+00000.000000,+00000.000000
					TextureV +00000.000000,+00000.000000,-00000.195312
					Vertex   -07552.000000,-05248.000000,-01504.000000
					Vertex   -07552.000000,-05248.000000,+10384.000000
					Vertex   -16256.000000,-05248.000000,+10384.000000
					Vertex   -16256.000000,-05248.000000,-01504.000000
				End Polygon
				Begin Polygon Item=Side Texture=/Game/Materials/Engine/BlackTexture_Mat.BlackTexture_Mat LightMapScale=128.0 Link=4
					Origin   -16384.000000,+16384.000000,+16384.000000
					Normal   +00000.000000,+00000.000000,+00001.000000
					TextureU +00000.195312,+00000.000000,+00000.000000
					TextureV +00000.000000,+00000.195312,+00000.000000
					Vertex   -16256.000000,+32768.000000,+10384.000000
					Vertex   -16256.000000,-05248.000000,+10384.000000
					Vertex   -07552.000000,-05248.000000,+10384.000000
					Vertex   -07552.000000,+32768.000000,+10384.000000
				End Polygon
				Begin Polygon Item=Side Texture=/Game/Materials/Engine/BlackTexture_Mat.BlackTexture_Mat LightMapScale=128.0 Link=5
					Origin   -16384.000000,-16384.000000,-16384.000000
					Normal   +00000.000000,+00000.000000,-00001.000000
					TextureU +00000.195312,+00000.000000,+00000.000000
					TextureV +00000.000000,-00000.195312,+00000.000000
					Vertex   -16256.000000,-05248.000000,-01504.000000
					Vertex   -16256.000000,+32768.000000,-01504.000000
					Vertex   -07552.000000,+32768.000000,-01504.000000
					Vertex   -07552.000000,-05248.000000,-01504.000000
				End Polygon
			End PolyList
		End Brush
		Brush=Model'Model_6'
		BrushComponent=BrushComponent0
		ActorLabel="Polys10_Brush"
		Tags(0)="Brush"
	End Actor
	Begin Actor Class=StaticMeshActor Name=StaticMeshActor190_StaticMeshActor
		Begin Object Class=StaticMeshComponent Name="StaticMeshComponent0"
		End Object
		Begin Object Name="StaticMeshComponent0"
			StaticMesh=StaticMesh'/Game/StaticMeshes/M12Meshes/M12_train_tunnel.M12_train_tunnel'
			RelativeLocation=(X=1024.000000,Y=15360.000000,Z=4580.000000)
			RelativeRotation=(Pitch=0.000000,Yaw=90.000000,Roll=0.000000)
			RelativeScale3D=(X=1.000000,Y=1.000000,Z=0.800000)
			CustomProperties
		End Object
		StaticMeshComponent=StaticMeshComponent0
		RootComponent=StaticMeshComponent0
		ActorLabel="StaticMeshActor190_StaticMeshActor"
		Tags(0)="StaticMeshActor"
	End Actor
	Begin Actor Class=StaticMeshActor Name=StaticMeshActor136_StaticMeshActor
		Begin Object Class=StaticMeshComponent Name="StaticMeshComponent0"
		End Object
		Begin Object Name="StaticMeshComponent0"
			StaticMesh=StaticMesh'/Game/StaticMeshes/M12Meshes/M12_train_tunnel.M12_train_tunnel'
			RelativeLocation=(X=1024.000000,Y=22556.000000,Z=4580.000000)
			RelativeRotation=(Pitch=0.000000,Yaw=90.000000,Roll=0.000000)
			RelativeScale3D=(X=1.000000,Y=1.000000,Z=0.800000)
			CustomProperties
		End Object
		StaticMeshComponent=StaticMeshComponent0
		RootComponent=StaticMeshComponent0
		ActorLabel="StaticMeshActor136_StaticMeshActor"
		Tags(0)="StaticMeshActor"
	End Actor
	Begin Actor Class=StaticMeshActor Name=StaticMeshActor560_StaticMeshActor
		Begin Object Class=StaticMeshComponent Name="StaticMeshComponent0"
		End Object
		Begin Object Name="StaticMeshComponent0"
			StaticMesh=StaticMesh'/Game/StaticMeshes/M12Meshes/M12_train_station_open.M12_train_station_open'
			RelativeLocation=(X=1016.000000,Y=5152.000000,Z=4640.000000)
			RelativeRotation=(Pitch=0.000000,Yaw=-90.000000,Roll=0.000000)
			RelativeScale3D=(X=0.800000,Y=0.800000,Z=0.700000)
			CustomProperties
		End Object
		StaticMeshComponent=StaticMeshComponent0
		RootComponent=StaticMeshComponent0
		ActorLabel="StaticMeshActor560_StaticMeshActor"
		Tags(0)="StaticMeshActor"
	End Actor
	Begin Actor Class=StaticMeshActor Name=StaticMeshActor561_StaticMeshActor
		Begin Object Class=StaticMeshComponent Name="StaticMeshComponent0"
		End Object
		Begin Object Name="StaticMeshComponent0"
			StaticMesh=StaticMesh'/Game/StaticMeshes/M12Meshes/M12_train_station_open.M12_train_station_open'
			RelativeLocation=(X=1016.000000,Y=5152.000000,Z=4640.000000)
			RelativeRotation=(Pitch=0.000000,Yaw=-90.000000,Roll=0.000000)
			RelativeScale3D=(X=0.800000,Y=-0.800000,Z=0.700000)
			CustomProperties
		End Object
		StaticMeshComponent=StaticMeshComponent0
		RootComponent=StaticMeshComponent0
		ActorLabel="StaticMeshActor561_StaticMeshActor"
		Tags(0)="StaticMeshActor"
	End Actor
	Begin Actor Class=Brush Name=Polys12_Brush
		Begin Object Name="BrushComponent0"
			RelativeLocation=(X=2656.000000,Y=4368.000000,Z=3600.000000)
		End Object
		BrushType=Brush_Add
		Begin Brush Name=Model_6
			Begin PolyList
				Begin Polygon Item=Side Texture=/Game/Materials/M12Tex/M12_floor_01_ps2_Mat.M12_floor_01_ps2_Mat LightMapScale=128.0 Link=0
					Origin   -02656.000000,-04368.000000,-03600.000000
					Normal   -00001.000000,+00000.000000,+00000.000000
					TextureU +00000.250000,+00000.000000,+00000.000000
					TextureV +00000.000000,-00000.250000,+00000.000000
					Vertex   -00128.000000,+02544.000000,+00752.000000
					Vertex   -00128.000000,+02544.000000,+01040.000000
					Vertex   -00128.000000,+03312.000000,+01040.000000
					Vertex   -00128.000000,+03312.000000,+00752.000000
				End Polygon
				Begin Polygon Item=Side Texture=/Game/Materials/M12Tex/M12_floor_01_ps2_Mat.M12_floor_01_ps2_Mat LightMapScale=128.0 Link=1
					Origin   -00128.000000,+00128.000000,-00128.000000
					Normal   +00000.000000,+00001.000000,+00000.000000
					TextureU +00000.250000,+00000.000000,+00000.000000
					TextureV +00000.000000,+00000.000000,-00000.250000
					Vertex   -00128.000000,+03312.000000,+00752.000000
					Vertex   -00128.000000,+03312.000000,+01040.000000
					Vertex   +00800.000000,+03312.000000,+01040.000000
					Vertex   +00800.000000,+03312.000000,+00752.000000
				End Polygon
				Begin Polygon Item=Side Texture=/Game/Materials/M12Tex/M12_linetrim_01_PS2_Mat.M12_linetrim_01_PS2_Mat LightMapScale=128.0 Link=2
					Origin   -02656.000000,-04368.000000,-03600.000000
					Normal   +00001.000000,+00000.000000,+00000.000000
					TextureU +00000.000000,-00000.250000,+00000.000000
					TextureV +00000.000000,+00000.000000,-00000.250000
					Vertex   +00800.000000,+03312.000000,+00752.000000
					Vertex   +00800.000000,+03312.000000,+01040.000000
					Vertex   +00800.000000,+02544.000000,+01040.000000
					Vertex   +00800.000000,+02544.000000,+00752.000000
				End Polygon
				Begin Polygon Item=Side Texture=/Game/Materials/M12Tex/M12_floor_01_ps2_Mat.M12_floor_01_ps2_Mat LightMapScale=128.0 Link=3
					Origin   -02656.000000,-04368.000000,-03600.000000
					Normal   +00000.000000,-00001.000000,+00000.000000
					TextureU -00000.250000,+00000.000000,+00000.000000
					TextureV +00000.000000,-00000.250000,+00000.000000
					Vertex   +00800.000000,+02544.000000,+00752.000000
					Vertex   +00800.000000,+02544.000000,+01040.000000
					Vertex   -00128.000000,+02544.000000,+01040.000000
					Vertex   -00128.000000,+02544.000000,+00752.000000
				End Polygon
				Begin Polygon Item=Side Texture=/Game/Materials/M12Tex/M12_metalfloor_ps2_Mat.M12_metalfloor_ps2_Mat LightMapScale=128.0 Link=4
					Origin   -02656.000000,-04368.000000,-03600.000000
					Normal   +00000.000000,+00000.000000,+00001.000000
					TextureU -00001.000000,+00000.000000,+00000.000000
					TextureV +00000.000000,-00001.000000,+00000.000000
					Vertex   -00128.000000,+03312.000000,+01040.000000
					Vertex   -00128.000000,+02544.000000,+01040.000000
					Vertex   +00800.000000,+02544.000000,+01040.000000
					Vertex   +00800.000000,+03312.000000,+01040.000000
				End Polygon
				Begin Polygon Item=Side Texture=/Game/Materials/Engine/BlackTexture_Mat.BlackTexture_Mat LightMapScale=128.0 Link=5
					Origin   -02656.000000,-04368.000000,-03600.000000
					Normal   +00000.000000,+00000.000000,-00001.000000
					TextureU +00000.000000,+00000.000000,+00000.000000
					TextureV +00000.000000,+00000.000000,+00000.000000
					Vertex   -00128.000000,+02544.000000,+00752.000000
					Vertex   -00128.000000,+03312.000000,+00752.000000
					Vertex   +00800.000000,+03312.000000,+00752.000000
					Vertex   +00800.000000,+02544.000000,+00752.000000
				End Polygon
			End PolyList
		End Brush
		Brush=Model'Model_6'
		BrushComponent=BrushComponent0
		ActorLabel="Polys12_Brush"
		Tags(0)="Brush"
	End Actor
	Begin Actor Class=Note Name=Emitter21_Emitter
		Begin Object Class=SceneComponent Name="SceneComp"
		End Object
		Begin Object Name="SceneComp"
			RelativeLocation=(X=788.000000,Y=-3180.000000,Z=4508.000000)
		End Object
		Text="Unconverted: Emitter"
		RootComponent=SceneComp
		ActorLabel="Emitter21_Emitter"
		Tags(0)="Emitter"
	End Actor
	Begin Actor Class=Brush Name=Polys14_Brush
		Begin Object Name="BrushComponent0"
			RelativeLocation=(X=2656.000000,Y=8554.937500,Z=3600.000000)
		End Object
		BrushType=Brush_Add
		Begin Brush Name=Model_6
			Begin PolyList
				Begin Polygon Item=Side Texture=/Game/Materials/M12Tex/M12_floor_01_ps2_Mat.M12_floor_01_ps2_Mat LightMapScale=128.0 Link=0
					Origin   -02656.000000,-08554.938000,-03600.000000
					Normal   -00001.000000,+00000.000000,+00000.000000
					TextureU +00000.250000,+00000.000000,+00000.000000
					TextureV +00000.000000,-00000.250000,+00000.000000
					Vertex   -00128.000000,-00362.937500,+00752.000000
					Vertex   -00128.000000,-00362.937500,+01040.000000
					Vertex   -00128.000000,+01045.063000,+01040.000000
					Vertex   -00128.000000,+01045.063000,+00752.000000
				End Polygon
				Begin Polygon Item=Side Texture=/Game/Materials/M12Tex/M12_floor_01_ps2_Mat.M12_floor_01_ps2_Mat LightMapScale=128.0 Link=1
					Origin   -02656.000000,-08554.938000,-03600.000000
					Normal   +00000.000000,-00001.000000,+00000.000000
					TextureU -00001.000000,+00000.000000,+00000.000000
					TextureV +00000.000000,-00001.000000,+00000.000000
					Vertex   +02080.000000,-00362.937500,+00752.000000
					Vertex   +02080.000000,-00362.937500,+01040.000000
					Vertex   -00128.000000,-00362.937500,+01040.000000
					Vertex   -00128.000000,-00362.937500,+00752.000000
				End Polygon
				Begin Polygon Item=Side Texture=/Game/Materials/M12Tex/M12_linetrim_01_PS2_Mat.M12_linetrim_01_PS2_Mat LightMapScale=128.0 Link=2
					Origin   -02656.000000,-08554.938000,-03600.000000
					Normal   +00001.000000,+00000.000000,+00000.000000
					TextureU +00000.000000,-00000.250000,+00000.000000
					TextureV +00000.000000,+00000.000000,-00000.250000
					Vertex   +02080.000000,+01045.063000,+00752.000000
					Vertex   +02080.000000,+01045.063000,+01040.000000
					Vertex   +02080.000000,-00362.937500,+01040.000000
					Vertex   +02080.000000,-00362.937500,+00752.000000
				End Polygon
				Begin Polygon Item=Side Texture=/Game/Materials/M12Tex/M12_floor_02_ps2_Mat.M12_floor_02_ps2_Mat LightMapScale=128.0 Link=3
					Origin   -02656.000000,-09066.938000,-03600.000000
					Normal   +00000.000000,+00001.000000,+00000.000000
					TextureU +00000.250000,+00000.000000,+00000.000000
					TextureV +00000.000000,+00000.000000,-00000.250000
					Vertex   -00128.000000,+01045.063000,+00752.000000
					Vertex   -00128.000000,+01045.063000,+01040.000000
					Vertex   +02080.000000,+01045.063000,+01040.000000
					Vertex   +02080.000000,+01045.063000,+00752.000000
				End Polygon
				Begin Polygon Item=Side Texture=/Game/Materials/M12Tex/M12_metalfloor_ps2_Mat.M12_metalfloor_ps2_Mat LightMapScale=128.0 Link=4
					Origin   -02656.000000,-08554.938000,-03600.000000
					Normal   +00000.000000,+00000.000000,+00001.000000
					TextureU -00001.000000,+00000.000000,+00000.000000
					TextureV +00000.000000,-00001.000000,+00000.000000
					Vertex   +02080.000000,-00362.937500,+01040.000000
					Vertex   +02080.000000,+01045.063000,+01040.000000
					Vertex   -00128.000000,+01045.063000,+01040.000000
					Vertex   -00128.000000,-00362.937500,+01040.000000
				End Polygon
				Begin Polygon Item=Side Texture=/Game/Materials/Engine/BlackTexture_Mat.BlackTexture_Mat LightMapScale=128.0 Link=5
					Origin   -02656.000000,-08554.938000,-03600.000000
					Normal   +00000.000000,+00000.000000,-00001.000000
					TextureU +00000.000000,+00000.000000,+00000.000000
