Begin Map
	Begin Level Name=/Game/M15B
	Begin Actor Class=Brush Name=BigAdditiveBrush
		Begin Object Name="BrushComponent0"
			RelativeLocation=(X=-3008.000500,Y=3136.000500,Z=-4564.000000)
		End Object
		BrushType=Brush_Add
		Begin Brush Name=Model_6
			Begin PolyList
				Begin Polygon Item=Side LightMapScale=2048.0 Link=0
					Origin   +00000.000000,+00000.000000,+00000.000000
					Normal   -00001.000000,+00000.000000,+00000.000000
					TextureU +00000.000000,+00001.000000,+00000.000000
					TextureV +00000.000000,+00000.000000,-00001.000000
					Vertex   -09603.999500,-07875.999500,-06672.000000
					Vertex   -09603.999500,-07875.999500,+06672.000000
					Vertex   -09603.999500,+07875.999500,+06672.000000
					Vertex   -09603.999500,+07875.999500,-06672.000000
				End Polygon
				Begin Polygon Item=Side LightMapScale=2048.0 Link=1
					Origin   +00000.000000,+00000.000000,+00000.000000
					Normal   +00000.000000,+00001.000000,+00000.000000
					TextureU +00001.000000,+00000.000000,+00000.000000
					TextureV +00000.000000,+00000.000000,-00001.000000
					Vertex   -09603.999500,+07875.999500,-06672.000000
					Vertex   -09603.999500,+07875.999500,+06672.000000
					Vertex   +09603.999500,+07875.999500,+06672.000000
					Vertex   +09603.999500,+07875.999500,-06672.000000
				End Polygon
				Begin Polygon Item=Side LightMapScale=2048.0 Link=2
					Origin   +00000.000000,+00000.000000,+00000.000000
					Normal   +00001.000000,+00000.000000,+00000.000000
					TextureU +00000.000000,-00001.000000,+00000.000000
					TextureV +00000.000000,+00000.000000,-00001.000000
					Vertex   +09603.999500,+07875.999500,-06672.000000
					Vertex   +09603.999500,+07875.999500,+06672.000000
					Vertex   +09603.999500,-07875.999500,+06672.000000
					Vertex   +09603.999500,-07875.999500,-06672.000000
				End Polygon
				Begin Polygon Item=Side LightMapScale=2048.0 Link=3
					Origin   +00000.000000,+00000.000000,+00000.000000
					Normal   +00000.000000,-00001.000000,+00000.000000
					TextureU -00001.000000,+00000.000000,+00000.000000
					TextureV +00000.000000,+00000.000000,-00001.000000
					Vertex   +09603.999500,-07875.999500,-06672.000000
					Vertex   +09603.999500,-07875.999500,+06672.000000
					Vertex   -09603.999500,-07875.999500,+06672.000000
					Vertex   -09603.999500,-07875.999500,-06672.000000
				End Polygon
				Begin Polygon Item=Side LightMapScale=2048.0 Link=4
					Origin   +00000.000000,+00000.000000,+00000.000000
					Normal   +00000.000000,+00000.000000,+00001.000000
					TextureU +00001.000000,+00000.000000,+00000.000000
					TextureV +00000.000000,+00001.000000,+00000.000000
					Vertex   -09603.999500,+07875.999500,+06672.000000
					Vertex   -09603.999500,-07875.999500,+06672.000000
					Vertex   +09603.999500,-07875.999500,+06672.000000
					Vertex   +09603.999500,+07875.999500,+06672.000000
				End Polygon
				Begin Polygon Item=Side LightMapScale=2048.0 Link=5
					Origin   +00000.000000,+00000.000000,+00000.000000
					Normal   +00000.000000,+00000.000000,-00001.000000
					TextureU +00001.000000,+00000.000000,+00000.000000
					TextureV +00000.000000,-00001.000000,+00000.000000
					Vertex   -09603.999500,-07875.999500,-06672.000000
					Vertex   -09603.999500,+07875.999500,-06672.000000
					Vertex   +09603.999500,+07875.999500,-06672.000000
					Vertex   +09603.999500,-07875.999500,-06672.000000
				End Polygon
			End PolyList
		End Brush
		Brush=Model'Model_6'
		BrushComponent=BrushComponent0
		ActorLabel="BigAdditiveBrush"
	End Actor
	Begin Actor Class=Note Name=LevelInfo0_Note
		Begin Object Class=SceneComponent Name="SceneComp"
		End Object
		Begin Object Name="SceneComp"
			RelativeLocation=(X=0.000000,Y=0.000000,Z=0.000000)
		End Object
		Text="Author: Christopher 'Chrustec' Glerum Title: M15 - The Moon Base"
		RootComponent=SceneComp
		SpriteScale=4.0
		ActorLabel="LevelInfo0_Note"
	End Actor
	Begin Actor Class=Brush Name=Polys857_Brush
		Begin Object Name="BrushComponent0"
			RelativeLocation=(X=-3776.000000,Y=-1488.000000,Z=-7296.000000)
		End Object
		BrushType=Brush_Subtract
		Begin Brush Name=Model_6
			Begin PolyList
				Begin Polygon Item=Side Texture=/Game/Materials/M15Tex/M15_Hallway_wall_01_Mat.M15_Hallway_wall_01_Mat LightMapScale=128.0 Link=0
					Origin   -00128.000000,-00128.000000,-00128.000000
					Normal   -00001.000000,+00000.000000,+00000.000000
					TextureU +00000.000000,+00001.000000,+00000.000000
					TextureV +00000.000000,+00000.000000,-00001.000000
					Vertex   -00576.000000,+01440.000000,-00768.000000
					Vertex   -00576.000000,+01440.000000,-00352.000000
					Vertex   -00576.000000,+02560.000000,-00352.000000
					Vertex   -00576.000000,+02560.000000,-00768.000000
				End Polygon
				Begin Polygon Item=Side Texture=/Game/Materials/M15Tex/M15_Hallway_wall_01_Mat.M15_Hallway_wall_01_Mat LightMapScale=128.0 Link=1
					Origin   -00128.000000,+00128.000000,-00128.000000
					Normal   +00000.000000,+00001.000000,+00000.000000
					TextureU +00001.000000,+00000.000000,+00000.000000
					TextureV +00000.000000,+00000.000000,-00001.000000
					Vertex   -00576.000000,+02560.000000,-00768.000000
					Vertex   -00576.000000,+02560.000000,-00352.000000
					Vertex   +01584.000000,+02560.000000,-00352.000000
					Vertex   +01584.000000,+02560.000000,-00768.000000
				End Polygon
				Begin Polygon Item=Side Texture=/Game/Materials/M15Tex/M15_Wall_corridor_purple_Mat.M15_Wall_corridor_purple_Mat LightMapScale=128.0 Link=2
					Origin   +00128.000000,+00128.000000,-00128.000000
					Normal   +00001.000000,+00000.000000,+00000.000000
					TextureU +00000.000000,-00001.000000,+00000.000000
					TextureV +00000.000000,+00000.000000,-00001.000000
					Vertex   +01584.000000,+02560.000000,-00768.000000
					Vertex   +01584.000000,+02560.000000,-00352.000000
					Vertex   +01584.000000,+01440.000000,-00352.000000
					Vertex   +01584.000000,+01440.000000,-00768.000000
				End Polygon
				Begin Polygon Item=Side Texture=/Game/Materials/M15Tex/M15_Hallway_wall_01_Mat.M15_Hallway_wall_01_Mat LightMapScale=128.0 Link=3
					Origin   +00128.000000,-00128.000000,-00128.000000
					Normal   +00000.000000,-00001.000000,+00000.000000
					TextureU -00001.000000,+00000.000000,+00000.000000
					TextureV +00000.000000,+00000.000000,-00001.000000
					Vertex   +01584.000000,+01440.000000,-00768.000000
					Vertex   +01584.000000,+01440.000000,-00352.000000
					Vertex   -00576.000000,+01440.000000,-00352.000000
					Vertex   -00576.000000,+01440.000000,-00768.000000
				End Polygon
				Begin Polygon Item=Side Texture=/Game/Materials/M15Tex/M15_anubiswall_01_Mat.M15_anubiswall_01_Mat LightMapScale=128.0 Link=4
					Origin   -00128.000000,+00128.000000,+00128.000000
					Normal   +00000.000000,+00000.000000,+00001.000000
					TextureU +00001.000000,+00000.000000,+00000.000000
					TextureV +00000.000000,+00001.000000,+00000.000000
					Vertex   -00576.000000,+02560.000000,-00352.000000
					Vertex   -00576.000000,+01440.000000,-00352.000000
					Vertex   +01584.000000,+01440.000000,-00352.000000
					Vertex   +01584.000000,+02560.000000,-00352.000000
				End Polygon
				Begin Polygon Item=Side Texture=/Game/Materials/M15Tex/M15_anubisfloor_01_Mat.M15_anubisfloor_01_Mat LightMapScale=128.0 Link=5
					Origin   -00128.000000,-00128.000000,-00128.000000
					Normal   +00000.000000,+00000.000000,-00001.000000
					TextureU +00001.000000,+00000.000000,+00000.000000
					TextureV +00000.000000,-00001.000000,+00000.000000
					Vertex   -00576.000000,+01440.000000,-00768.000000
					Vertex   -00576.000000,+02560.000000,-00768.000000
					Vertex   +01584.000000,+02560.000000,-00768.000000
					Vertex   +01584.000000,+01440.000000,-00768.000000
				End Polygon
			End PolyList
		End Brush
		Brush=Model'Model_6'
		BrushComponent=BrushComponent0
		ActorLabel="Polys857_Brush"
		Tags(0)="Brush"
	End Actor
	Begin Actor Class=Brush Name=Polys859_Brush
		Begin Object Name="BrushComponent0"
			RelativeLocation=(X=-3776.000000,Y=-3056.000000,Z=-7296.000000)
		End Object
		BrushType=Brush_Subtract
		Begin Brush Name=Model_6
			Begin PolyList
				Begin Polygon Item=Side Texture=/Game/Materials/M15Tex/M15_Hallway_wall_01_Mat.M15_Hallway_wall_01_Mat LightMapScale=128.0 Link=0
					Origin   -00128.000000,-00128.000000,-00128.000000
					Normal   -00001.000000,+00000.000000,+00000.000000
					TextureU +00000.000000,+00001.000000,+00000.000000
					TextureV +00000.000000,+00000.000000,-00001.000000
					Vertex   +00768.000000,+01136.000000,-00768.000000
					Vertex   +00768.000000,+01136.000000,-00352.000000
					Vertex   +00768.000000,+02968.000000,-00352.000000
					Vertex   +00768.000000,+02968.000000,-00768.000000
				End Polygon
				Begin Polygon Item=Side Texture=/Game/Materials/M15Tex/M15_Hallway_wall_01_Mat.M15_Hallway_wall_01_Mat LightMapScale=128.0 Link=1
					Origin   -00128.000000,+00128.000000,-00128.000000
					Normal   +00000.000000,+00001.000000,+00000.000000
					TextureU +00001.000000,+00000.000000,+00000.000000
					TextureV +00000.000000,+00000.000000,-00001.000000
					Vertex   +00768.000000,+02968.000000,-00768.000000
					Vertex   +00768.000000,+02968.000000,-00352.000000
					Vertex   +01648.000000,+02968.000000,-00352.000000
					Vertex   +01648.000000,+02968.000000,-00768.000000
				End Polygon
				Begin Polygon Item=Side Texture=/Game/Materials/M15Tex/M15_Wall_corridor_purple_Mat.M15_Wall_corridor_purple_Mat LightMapScale=128.0 Link=2
					Origin   +00128.000000,+00128.000000,-00128.000000
					Normal   +00001.000000,+00000.000000,+00000.000000
					TextureU +00000.000000,-00001.000000,+00000.000000
					TextureV +00000.000000,+00000.000000,-00001.000000
					Vertex   +01648.000000,+02968.000000,-00768.000000
					Vertex   +01648.000000,+02968.000000,-00352.000000
					Vertex   +01648.000000,+01136.000000,-00352.000000
					Vertex   +01648.000000,+01136.000000,-00768.000000
				End Polygon
				Begin Polygon Item=Side Texture=/Game/Materials/M15Tex/M15_Hallway_wall_01_Mat.M15_Hallway_wall_01_Mat LightMapScale=128.0 Link=3
					Origin   +00128.000000,-00128.000000,-00128.000000
					Normal   +00000.000000,-00001.000000,+00000.000000
					TextureU -00001.000000,+00000.000000,+00000.000000
					TextureV +00000.000000,+00000.000000,-00001.000000
					Vertex   +01648.000000,+01136.000000,-00768.000000
					Vertex   +01648.000000,+01136.000000,-00352.000000
					Vertex   +00768.000000,+01136.000000,-00352.000000
					Vertex   +00768.000000,+01136.000000,-00768.000000
				End Polygon
				Begin Polygon Item=Side Texture=/Game/Materials/M15Tex/M15_anubiswall_01_Mat.M15_anubiswall_01_Mat LightMapScale=128.0 Link=4
					Origin   -00128.000000,+00128.000000,+00128.000000
					Normal   +00000.000000,+00000.000000,+00001.000000
					TextureU +00001.000000,+00000.000000,+00000.000000
					TextureV +00000.000000,+00001.000000,+00000.000000
					Vertex   +00768.000000,+02968.000000,-00352.000000
					Vertex   +00768.000000,+01136.000000,-00352.000000
					Vertex   +01648.000000,+01136.000000,-00352.000000
					Vertex   +01648.000000,+02968.000000,-00352.000000
				End Polygon
				Begin Polygon Item=Side Texture=/Game/Materials/M15Tex/M15_anubisfloor_01_Mat.M15_anubisfloor_01_Mat LightMapScale=128.0 Link=5
					Origin   -00128.000000,-00128.000000,-00128.000000
					Normal   +00000.000000,+00000.000000,-00001.000000
					TextureU +00001.000000,+00000.000000,+00000.000000
					TextureV +00000.000000,-00001.000000,+00000.000000
					Vertex   +00768.000000,+01136.000000,-00768.000000
					Vertex   +00768.000000,+02968.000000,-00768.000000
					Vertex   +01648.000000,+02968.000000,-00768.000000
					Vertex   +01648.000000,+01136.000000,-00768.000000
				End Polygon
			End PolyList
		End Brush
		Brush=Model'Model_6'
		BrushComponent=BrushComponent0
		ActorLabel="Polys859_Brush"
		Tags(0)="Brush"
	End Actor
	Begin Actor Class=PointLight Name=Light93_Light
		Begin Object Class=PointLightComponent Name="LightComponent0"
		End Object
		Begin Object Name="LightComponent0"
			bUseInverseSquaredFalloff=False
			LightFalloffExponent=1.9
			AttenuationRadius=352.0
			SourceRadius=16.0
			LightColor=(B=200.0,G=200.0,R=200.0,A=255.0)
			Intensity=70.0
			Mobility=Static
			RelativeLocation=(X=-2190.000000,Y=-746.000000,Z=-7861.000000)
		End Object
		LightEffect=NewEnumerator0
		LightType=NewEnumerator1
		LightComponent="LightComponent0"
		RootComponent="LightComponent0"
		ActorLabel="Light93_Light"
		Tags(0)="Light"
	End Actor
	Begin Actor Class=Note Name=TransportRings2_TR_Captain
		Begin Object Class=SceneComponent Name="SceneComp"
		End Object
		Begin Object Name="SceneComp"
			RelativeLocation=(X=-3776.837000,Y=-815.589400,Z=-8048.000000)
			RelativeRotation=(Pitch=0.000000,Yaw=90.000000,Roll=0.000000)
		End Object
		Text="Unconverted: TransportRings"
		RootComponent=SceneComp
		ActorLabel="TransportRings2_TR_Captain"
		Tags(0)="TR_Captain"
	End Actor
	Begin Actor Class=Brush Name=Polys861_Brush
		Begin Object Name="BrushComponent0"
			RelativeLocation=(X=-3327.999000,Y=-814.118160,Z=-8320.000000)
		End Object
		BrushType=Brush_Subtract
		Begin Brush Name=Model_6
			Begin PolyList
				Begin Polygon Item=Side Texture=/Game/Materials/M15Tex/M15_anubisfloor_01_Mat.M15_anubisfloor_01_Mat LightMapScale=128.0 Link=0
					Origin   +02143.998000,+01886.117000,+08288.000000
					Normal   -00000.923881,+00000.382680,+00000.000000
					TextureU -00000.382682,-00000.923880,+00000.000000
					TextureV +00000.000000,+00000.000000,-00001.000000
					Vertex   -00738.000000,+00057.684330,-00128.000000
					Vertex   -00738.000000,+00057.684330,+00256.000000
					Vertex   -00693.850600,+00164.271500,+00256.000000
					Vertex   -00693.850600,+00164.271500,-00128.000000
				End Polygon
				Begin Polygon Item=Side Texture=/Game/Materials/M15Tex/M15_anubisfloor_01_Mat.M15_anubisfloor_01_Mat LightMapScale=128.0 Link=1
					Origin   +02143.998000,+01886.117000,+08288.000000
					Normal   -00000.707105,+00000.707109,+00000.000000
					TextureU -00000.707106,-00000.707107,+00000.000000
					TextureV +00000.000000,+00000.000000,-00001.000000
					Vertex   -00693.850600,+00164.271500,-00128.000000
					Vertex   -00693.850600,+00164.271500,+00256.000000
					Vertex   -00612.271500,+00245.850100,+00256.000000
					Vertex   -00612.271500,+00245.850100,-00128.000000
				End Polygon
				Begin Polygon Item=Side Texture=/Game/Materials/M15Tex/M15_anubisfloor_01_Mat.M15_anubisfloor_01_Mat LightMapScale=128.0 Link=2
					Origin   +02143.998000,+01886.117000,+08288.000000
					Normal   -00000.382685,+00000.923879,+00000.000000
					TextureU -00000.923879,-00000.382684,+00000.000000
					TextureV +00000.000000,+00000.000000,-00001.000000
					Vertex   -00612.271500,+00245.850100,-00128.000000
					Vertex   -00612.271500,+00245.850100,+00256.000000
					Vertex   -00505.684600,+00290.000000,+00256.000000
					Vertex   -00505.684600,+00290.000000,-00128.000000
				End Polygon
				Begin Polygon Item=Side Texture=/Game/Materials/M15Tex/M15_anubisfloor_01_Mat.M15_anubisfloor_01_Mat LightMapScale=128.0 Link=3
					Origin   +02143.998000,+01886.117000,+08288.000000
					Normal   +00000.000000,+00001.000000,+00000.000000
					TextureU -00001.000000,+00000.000000,+00000.000000
					TextureV +00000.000000,+00000.000000,-00001.000000
					Vertex   -00505.684600,+00290.000000,-00128.000000
					Vertex   -00505.684600,+00290.000000,+00256.000000
					Vertex   -00390.315400,+00290.000000,+00256.000000
					Vertex   -00390.315400,+00290.000000,-00128.000000
				End Polygon
				Begin Polygon Item=Side Texture=/Game/Materials/M15Tex/M15_anubisfloor_01_Mat.M15_anubisfloor_01_Mat LightMapScale=128.0 Link=4
					Origin   +02143.998000,+01886.117000,+08288.000000
					Normal   +00000.382685,+00000.923879,+00000.000000
					TextureU -00000.923880,+00000.382683,+00000.000000
					TextureV +00000.000000,+00000.000000,-00001.000000
					Vertex   -00390.315400,+00290.000000,-00128.000000
					Vertex   -00390.315400,+00290.000000,+00256.000000
					Vertex   -00283.728500,+00245.850100,+00256.000000
					Vertex   -00283.728500,+00245.850100,-00128.000000
				End Polygon
				Begin Polygon Item=Side Texture=/Game/Materials/M15Tex/M15_anubisfloor_01_Mat.M15_anubisfloor_01_Mat LightMapScale=128.0 Link=5
					Origin   +02143.998000,+01886.117000,+08288.000000
					Normal   +00000.707107,+00000.707107,+00000.000000
					TextureU -00000.707107,+00000.707106,+00000.000000
					TextureV +00000.000000,+00000.000000,-00001.000000
					Vertex   -00283.728500,+00245.850100,-00128.000000
					Vertex   -00283.728500,+00245.850100,+00256.000000
					Vertex   -00202.150400,+00164.272000,+00256.000000
					Vertex   -00202.150400,+00164.272000,-00128.000000
				End Polygon
				Begin Polygon Item=Side Texture=/Game/Materials/M15Tex/M15_anubisfloor_01_Mat.M15_anubisfloor_01_Mat LightMapScale=128.0 Link=6
					Origin   +02143.998000,+01886.117000,+08288.000000
					Normal   +00000.923878,+00000.382687,+00000.000000
					TextureU -00000.382684,+00000.923879,+00000.000000
					TextureV +00000.000000,+00000.000000,-00001.000000
					Vertex   -00202.150400,+00164.272000,-00128.000000
					Vertex   -00202.150400,+00164.272000,+00256.000000
					Vertex   -00158.000000,+00057.684810,+00256.000000
					Vertex   -00158.000000,+00057.684810,-00128.000000
				End Polygon
				Begin Polygon Item=Side Texture=/Game/Materials/M15Tex/M15_anubisfloor_01_Mat.M15_anubisfloor_01_Mat LightMapScale=128.0 Link=7
					Origin   +02143.998000,+01886.117000,+08288.000000
					Normal   +00001.000000,+00000.000000,+00000.000000
					TextureU +00000.000000,+00001.000000,+00000.000000
					TextureV +00000.000000,+00000.000000,-00001.000000
					Vertex   -00158.000000,+00057.684810,-00128.000000
					Vertex   -00158.000000,+00057.684810,+00256.000000
					Vertex   -00158.000000,-00057.684330,+00256.000000
					Vertex   -00158.000000,-00057.684330,-00128.000000
				End Polygon
				Begin Polygon Item=Side Texture=/Game/Materials/M15Tex/M15_anubisfloor_01_Mat.M15_anubisfloor_01_Mat LightMapScale=128.0 Link=8
					Origin   +02143.998000,+01886.117000,+08288.000000
					Normal   +00000.923881,-00000.382680,+00000.000000
					TextureU +00000.382682,+00000.923880,+00000.000000
					TextureV +00000.000000,+00000.000000,-00001.000000
					Vertex   -00158.000000,-00057.684330,-00128.000000
					Vertex   -00158.000000,-00057.684330,+00256.000000
					Vertex   -00202.149400,-00164.271700,+00256.000000
					Vertex   -00202.149400,-00164.271700,-00128.000000
				End Polygon
				Begin Polygon Item=Side Texture=/Game/Materials/M15Tex/M15_anubisfloor_01_Mat.M15_anubisfloor_01_Mat LightMapScale=128.0 Link=9
					Origin   +02143.998000,+01886.117000,+08288.000000
					Normal   +00000.707104,-00000.707110,+00000.000000
					TextureU +00000.707106,+00000.707107,+00000.000000
					TextureV +00000.000000,+00000.000000,-00001.000000
					Vertex   -00202.149400,-00164.271700,-00128.000000
					Vertex   -00202.149400,-00164.271700,+00256.000000
					Vertex   -00283.728500,-00245.850100,+00256.000000
					Vertex   -00283.728500,-00245.850100,-00128.000000
				End Polygon
				Begin Polygon Item=Side Texture=/Game/Materials/M15Tex/M15_anubisfloor_01_Mat.M15_anubisfloor_01_Mat LightMapScale=128.0 Link=10
					Origin   +02143.998000,+01886.117000,+08288.000000
					Normal   +00000.382685,-00000.923879,+00000.000000
					TextureU +00000.923879,+00000.382684,+00000.000000
					TextureV +00000.000000,+00000.000000,-00001.000000
					Vertex   -00283.728500,-00245.850100,-00128.000000
					Vertex   -00283.728500,-00245.850100,+00256.000000
					Vertex   -00390.315400,-00290.000000,+00256.000000
					Vertex   -00390.315400,-00290.000000,-00128.000000
				End Polygon
				Begin Polygon Item=Side Texture=/Game/Materials/M15Tex/M15_anubisfloor_01_Mat.M15_anubisfloor_01_Mat LightMapScale=128.0 Link=11
					Origin   +02143.998000,+01886.117000,+08288.000000
					Normal   +00000.000000,-00001.000000,+00000.000000
					TextureU +00001.000000,+00000.000000,+00000.000000
					TextureV +00000.000000,+00000.000000,-00001.000000
					Vertex   -00390.315400,-00290.000000,-00128.000000
					Vertex   -00390.315400,-00290.000000,+00256.000000
					Vertex   -00505.684600,-00290.000000,+00256.000000
					Vertex   -00505.684600,-00290.000000,-00128.000000
				End Polygon
				Begin Polygon Item=Side Texture=/Game/Materials/M15Tex/M15_anubisfloor_01_Mat.M15_anubisfloor_01_Mat LightMapScale=128.0 Link=12
					Origin   +02143.998000,+01886.117000,+08288.000000
					Normal   -00000.382685,-00000.923879,+00000.000000
					TextureU +00000.923880,-00000.382682,+00000.000000
					TextureV +00000.000000,+00000.000000,-00001.000000
					Vertex   -00505.684600,-00290.000000,-00128.000000
					Vertex   -00505.684600,-00290.000000,+00256.000000
					Vertex   -00612.271500,-00245.850100,+00256.000000
					Vertex   -00612.271500,-00245.850100,-00128.000000
				End Polygon
				Begin Polygon Item=Side Texture=/Game/Materials/M15Tex/M15_anubisfloor_01_Mat.M15_anubisfloor_01_Mat LightMapScale=128.0 Link=13
					Origin   +02143.998000,+01886.117000,+08288.000000
					Normal   -00000.707107,-00000.707107,+00000.000000
					TextureU +00000.707107,-00000.707106,+00000.000000
					TextureV +00000.000000,+00000.000000,-00001.000000
					Vertex   -00612.271500,-00245.850100,-00128.000000
					Vertex   -00612.271500,-00245.850100,+00256.000000
					Vertex   -00693.849600,-00164.272000,+00256.000000
					Vertex   -00693.849600,-00164.272000,-00128.000000
				End Polygon
				Begin Polygon Item=Side Texture=/Game/Materials/M15Tex/M15_anubisfloor_01_Mat.M15_anubisfloor_01_Mat LightMapScale=128.0 Link=14
					Origin   +02143.998000,+01886.117000,+08288.000000
					Normal   -00000.923878,-00000.382687,+00000.000000
					TextureU +00000.382684,-00000.923879,+00000.000000
					TextureV +00000.000000,+00000.000000,-00001.000000
					Vertex   -00693.849600,-00164.272000,-00128.000000
					Vertex   -00693.849600,-00164.272000,+00256.000000
					Vertex   -00738.000000,-00057.684810,+00256.000000
					Vertex   -00738.000000,-00057.684810,-00128.000000
				End Polygon
				Begin Polygon Item=Side Texture=/Game/Materials/M15Tex/M15_anubisfloor_01_Mat.M15_anubisfloor_01_Mat LightMapScale=128.0 Link=15
					Origin   +02143.998000,+01886.117000,+08288.000000
					Normal   -00001.000000,+00000.000000,+00000.000000
					TextureU +00000.000000,-00001.000000,+00000.000000
					TextureV +00000.000000,+00000.000000,-00001.000000
					Vertex   -00738.000000,-00057.684810,-00128.000000
					Vertex   -00738.000000,-00057.684810,+00256.000000
					Vertex   -00738.000000,+00057.684330,+00256.000000
					Vertex   -00738.000000,+00057.684330,-00128.000000
				End Polygon
				Begin Polygon Item=Side Texture=/Game/Materials/M15Tex/M15_anubisfloor_01_Mat.M15_anubisfloor_01_Mat LightMapScale=128.0 Link=16
					Origin   +02143.998000,+01886.117000,+08288.000000
					Normal   +00000.923881,-00000.382679,+00000.000000
					TextureU +00000.382682,+00000.923880,+00000.000000
					TextureV +00000.000000,+00000.000000,-00001.000000
					Vertex   -00621.791000,+00116.123000,-00128.000000
					Vertex   -00621.791000,+00116.123000,+00256.000000
					Vertex   -00653.000000,+00040.776860,+00256.000000
					Vertex   -00653.000000,+00040.776860,-00128.000000
				End Polygon
				Begin Polygon Item=Side Texture=/Game/Materials/M15Tex/M15_anubisfloor_01_Mat.M15_anubisfloor_01_Mat LightMapScale=128.0 Link=17
					Origin   +02143.998000,+01886.117000,+08288.000000
					Normal   +00000.707104,-00000.707110,+00000.000000
					TextureU +00000.707106,+00000.707107,+00000.000000
					TextureV +00000.000000,+00000.000000,-00001.000000
					Vertex   -00564.123000,+00173.790500,-00128.000000
					Vertex   -00564.123000,+00173.790500,+00256.000000
					Vertex   -00621.791000,+00116.123000,+00256.000000
					Vertex   -00621.791000,+00116.123000,-00128.000000
				End Polygon
				Begin Polygon Item=Side Texture=/Game/Materials/M15Tex/M15_anubisfloor_01_Mat.M15_anubisfloor_01_Mat LightMapScale=128.0 Link=18
					Origin   +02143.998000,+01886.117000,+08288.000000
					Normal   +00000.382686,-00000.923878,+00000.000000
					TextureU +00000.923879,+00000.382684,+00000.000000
					TextureV +00000.000000,+00000.000000,-00001.000000
					Vertex   -00488.777300,+00205.000000,-00128.000000
					Vertex   -00488.777300,+00205.000000,+00256.000000
					Vertex   -00564.123000,+00173.790500,+00256.000000
					Vertex   -00564.123000,+00173.790500,-00128.000000
				End Polygon
				Begin Polygon Item=Side Texture=/Game/Materials/M15Tex/M15_anubisfloor_01_Mat.M15_anubisfloor_01_Mat LightMapScale=128.0 Link=19
					Origin   +02143.998000,+01886.117000,+08288.000000
					Normal   +00000.000000,-00001.000000,+00000.000000
					TextureU +00001.000000,+00000.000000,+00000.000000
					TextureV +00000.000000,+00000.000000,-00001.000000
					Vertex   -00407.222700,+00205.000000,-00128.000000
					Vertex   -00407.222700,+00205.000000,+00256.000000
					Vertex   -00488.777300,+00205.000000,+00256.000000
					Vertex   -00488.777300,+00205.000000,-00128.000000
				End Polygon
				Begin Polygon Item=Side Texture=/Game/Materials/M15Tex/M15_anubisfloor_01_Mat.M15_anubisfloor_01_Mat LightMapScale=128.0 Link=20
					Origin   +02143.998000,+01886.117000,+08288.000000
					Normal   -00000.382686,-00000.923878,+00000.000000
					TextureU +00000.923880,-00000.382682,+00000.000000
					TextureV +00000.000000,+00000.000000,-00001.000000
					Vertex   -00331.877000,+00173.790500,-00128.000000
					Vertex   -00331.877000,+00173.790500,+00256.000000
					Vertex   -00407.222700,+00205.000000,+00256.000000
					Vertex   -00407.222700,+00205.000000,-00128.000000
				End Polygon
				Begin Polygon Item=Side Texture=/Game/Materials/M15Tex/M15_anubisfloor_01_Mat.M15_anubisfloor_01_Mat LightMapScale=128.0 Link=21
					Origin   +02143.998000,+01886.117000,+08288.000000
					Normal   -00000.707108,-00000.707105,+00000.000000
					TextureU +00000.707107,-00000.707106,+00000.000000
					TextureV +00000.000000,+00000.000000,-00001.000000
					Vertex   -00274.210000,+00116.123300,-00128.000000
					Vertex   -00274.210000,+00116.123300,+00256.000000
					Vertex   -00331.877000,+00173.790500,+00256.000000
					Vertex   -00331.877000,+00173.790500,-00128.000000
				End Polygon
				Begin Polygon Item=Side Texture=/Game/Materials/M15Tex/M15_anubisfloor_01_Mat.M15_anubisfloor_01_Mat LightMapScale=128.0 Link=22
					Origin   +02143.998000,+01886.117000,+08288.000000
					Normal   -00000.923877,-00000.382689,+00000.000000
					TextureU +00000.382684,-00000.923879,+00000.000000
					TextureV +00000.000000,+00000.000000,-00001.000000
					Vertex   -00243.000000,+00040.777100,-00128.000000
					Vertex   -00243.000000,+00040.777100,+00256.000000
					Vertex   -00274.210000,+00116.123300,+00256.000000
					Vertex   -00274.210000,+00116.123300,-00128.000000
				End Polygon
				Begin Polygon Item=Side Texture=/Game/Materials/M15Tex/M15_anubisfloor_01_Mat.M15_anubisfloor_01_Mat LightMapScale=128.0 Link=23
					Origin   +02143.998000,+01886.117000,+08288.000000
					Normal   -00001.000000,+00000.000000,+00000.000000
					TextureU +00000.000000,-00001.000000,+00000.000000
					TextureV +00000.000000,+00000.000000,-00001.000000
					Vertex   -00243.000000,-00040.776860,-00128.000000
					Vertex   -00243.000000,-00040.776860,+00256.000000
					Vertex   -00243.000000,+00040.777100,+00256.000000
					Vertex   -00243.000000,+00040.777100,-00128.000000
				End Polygon
				Begin Polygon Item=Side Texture=/Game/Materials/M15Tex/M15_anubisfloor_01_Mat.M15_anubisfloor_01_Mat LightMapScale=128.0 Link=24
					Origin   +02143.998000,+01886.117000,+08288.000000
					Normal   -00000.923881,+00000.382679,+00000.000000
					TextureU -00000.382682,-00000.923880,+00000.000000
					TextureV +00000.000000,+00000.000000,-00001.000000
					Vertex   -00274.209000,-00116.123000,-00128.000000
					Vertex   -00274.209000,-00116.123000,+00256.000000
					Vertex   -00243.000000,-00040.776860,+00256.000000
					Vertex   -00243.000000,-00040.776860,-00128.000000
				End Polygon
				Begin Polygon Item=Side Texture=/Game/Materials/M15Tex/M15_anubisfloor_01_Mat.M15_anubisfloor_01_Mat LightMapScale=128.0 Link=25
					Origin   +02143.998000,+01886.117000,+08288.000000
					Normal   -00000.707104,+00000.707110,+00000.000000
					TextureU -00000.707106,-00000.707107,+00000.000000
					TextureV +00000.000000,+00000.000000,-00001.000000
					Vertex   -00331.877000,-00173.790500,-00128.000000
					Vertex   -00331.877000,-00173.790500,+00256.000000
					Vertex   -00274.209000,-00116.123000,+00256.000000
					Vertex   -00274.209000,-00116.123000,-00128.000000
				End Polygon
				Begin Polygon Item=Side Texture=/Game/Materials/M15Tex/M15_anubisfloor_01_Mat.M15_anubisfloor_01_Mat LightMapScale=128.0 Link=26
					Origin   +02143.998000,+01886.117000,+08288.000000
					Normal   -00000.382686,+00000.923878,+00000.000000
					TextureU -00000.923879,-00000.382684,+00000.000000
					TextureV +00000.000000,+00000.000000,-00001.000000
					Vertex   -00407.222700,-00205.000000,-00128.000000
					Vertex   -00407.222700,-00205.000000,+00256.000000
					Vertex   -00331.877000,-00173.790500,+00256.000000
					Vertex   -00331.877000,-00173.790500,-00128.000000
				End Polygon
				Begin Polygon Item=Side Texture=/Game/Materials/M15Tex/M15_anubisfloor_01_Mat.M15_anubisfloor_01_Mat LightMapScale=128.0 Link=27
					Origin   +02143.998000,+01886.117000,+08288.000000
					Normal   +00000.000000,+00001.000000,+00000.000000
					TextureU -00001.000000,+00000.000000,+00000.000000
					TextureV +00000.000000,+00000.000000,-00001.000000
					Vertex   -00488.777300,-00205.000000,-00128.000000
					Vertex   -00488.777300,-00205.000000,+00256.000000
					Vertex   -00407.222700,-00205.000000,+00256.000000
					Vertex   -00407.222700,-00205.000000,-00128.000000
				End Polygon
				Begin Polygon Item=Side Texture=/Game/Materials/M15Tex/M15_anubisfloor_01_Mat.M15_anubisfloor_01_Mat LightMapScale=128.0 Link=28
					Origin   +02143.998000,+01886.117000,+08288.000000
					Normal   +00000.382686,+00000.923878,+00000.000000
					TextureU -00000.923880,+00000.382683,+00000.000000
					TextureV +00000.000000,+00000.000000,-00001.000000
					Vertex   -00564.123000,-00173.790500,-00128.000000
					Vertex   -00564.123000,-00173.790500,+00256.000000
					Vertex   -00488.777300,-00205.000000,+00256.000000
					Vertex   -00488.777300,-00205.000000,-00128.000000
				End Polygon
				Begin Polygon Item=Side Texture=/Game/Materials/M15Tex/M15_anubisfloor_01_Mat.M15_anubisfloor_01_Mat LightMapScale=128.0 Link=29
					Origin   +02143.998000,+01886.117000,+08288.000000
					Normal   +00000.707108,+00000.707105,+00000.000000
					TextureU -00000.707107,+00000.707106,+00000.000000
					TextureV +00000.000000,+00000.000000,-00001.000000
					Vertex   -00621.790000,-00116.123300,-00128.000000
					Vertex   -00621.790000,-00116.123300,+00256.000000
					Vertex   -00564.123000,-00173.790500,+00256.000000
					Vertex   -00564.123000,-00173.790500,-00128.000000
				End Polygon
				Begin Polygon Item=Side Texture=/Game/Materials/M15Tex/M15_anubisfloor_01_Mat.M15_anubisfloor_01_Mat LightMapScale=128.0 Link=30
					Origin   +02143.998000,+01886.117000,+08288.000000
					Normal   +00000.923877,+00000.382689,+00000.000000
					TextureU -00000.382684,+00000.923879,+00000.000000
					TextureV +00000.000000,+00000.000000,-00001.000000
					Vertex   -00653.000000,-00040.777100,-00128.000000
					Vertex   -00653.000000,-00040.777100,+00256.000000
					Vertex   -00621.790000,-00116.123300,+00256.000000
					Vertex   -00621.790000,-00116.123300,-00128.000000
				End Polygon
				Begin Polygon Item=Side Texture=/Game/Materials/M15Tex/M15_anubisfloor_01_Mat.M15_anubisfloor_01_Mat LightMapScale=128.0 Link=31
					Origin   +02143.998000,+01886.117000,+08288.000000
					Normal   +00001.000000,+00000.000000,+00000.000000
					TextureU +00000.000000,+00001.000000,+00000.000000
					TextureV +00000.000000,+00000.000000,-00001.000000
					Vertex   -00653.000000,+00040.776860,-00128.000000
					Vertex   -00653.000000,+00040.776860,+00256.000000
					Vertex   -00653.000000,-00040.777100,+00256.000000
					Vertex   -00653.000000,-00040.777100,-00128.000000
				End Polygon
				Begin Polygon Item=Side Texture=/Game/Materials/M15Tex/M15_anubisfloor_01_Mat.M15_anubisfloor_01_Mat LightMapScale=128.0 Link=32
					Origin   -00205.000000,+00040.776870,+00256.000000
					Normal   +00000.000000,+00000.000000,+00001.000000
					TextureU -00000.923880,+00000.382682,+00000.000000
					TextureV -00000.382682,-00000.923880,+00000.000000
					Vertex   -00653.000000,+00040.776860,+00256.000000
					Vertex   -00621.791000,+00116.123000,+00256.000000
					Vertex   -00693.850600,+00164.271500,+00256.000000
					Vertex   -00738.000000,+00057.684330,+00256.000000
				End Polygon
				Begin Polygon Item=Side Texture=/Game/Materials/M15Tex/M15_anubisfloor_01_Mat.M15_anubisfloor_01_Mat LightMapScale=128.0 Link=33
					Origin   -00173.790600,+00116.123000,+00256.000000
					Normal   +00000.000000,+00000.000000,+00001.000000
					TextureU -00000.707107,+00000.707106,+00000.000000
					TextureV -00000.707106,-00000.707107,+00000.000000
					Vertex   -00621.791000,+00116.123000,+00256.000000
					Vertex   -00564.123000,+00173.790500,+00256.000000
					Vertex   -00612.271500,+00245.850100,+00256.000000
					Vertex   -00693.850600,+00164.271500,+00256.000000
				End Polygon
				Begin Polygon Item=Side Texture=/Game/Materials/M15Tex/M15_anubisfloor_01_Mat.M15_anubisfloor_01_Mat LightMapScale=128.0 Link=34
					Origin   -00116.123300,+00173.790500,+00256.000000
					Normal   +00000.000000,+00000.000000,+00001.000000
					TextureU -00000.382684,+00000.923879,+00000.000000
					TextureV -00000.923879,-00000.382684,+00000.000000
					Vertex   -00564.123000,+00173.790500,+00256.000000
					Vertex   -00488.777300,+00205.000000,+00256.000000
					Vertex   -00505.684600,+00290.000000,+00256.000000
					Vertex   -00612.271500,+00245.850100,+00256.000000
				End Polygon
				Begin Polygon Item=Side Texture=/Game/Materials/M15Tex/M15_anubisfloor_01_Mat.M15_anubisfloor_01_Mat LightMapScale=128.0 Link=35
					Origin   -00040.777140,+00204.999900,+00256.000000
					Normal   +00000.000000,+00000.000000,+00001.000000
					TextureU +00000.000000,+00001.000000,+00000.000000
					TextureV -00001.000000,+00000.000000,+00000.000000
					Vertex   -00488.777300,+00205.000000,+00256.000000
					Vertex   -00407.222700,+00205.000000,+00256.000000
					Vertex   -00390.315400,+00290.000000,+00256.000000
					Vertex   -00505.684600,+00290.000000,+00256.000000
				End Polygon
				Begin Polygon Item=Side Texture=/Game/Materials/M15Tex/M15_anubisfloor_01_Mat.M15_anubisfloor_01_Mat LightMapScale=128.0 Link=36
					Origin   +00040.776870,+00205.000000,+00256.000000
					Normal   +00000.000000,+00000.000000,+00001.000000
					TextureU +00000.382683,+00000.923880,+00000.000000
					TextureV -00000.923880,+00000.382683,+00000.000000
					Vertex   -00407.222700,+00205.000000,+00256.000000
					Vertex   -00331.877000,+00173.790500,+00256.000000
					Vertex   -00283.728500,+00245.850100,+00256.000000
					Vertex   -00390.315400,+00290.000000,+00256.000000
				End Polygon
				Begin Polygon Item=Side Texture=/Game/Materials/M15Tex/M15_anubisfloor_01_Mat.M15_anubisfloor_01_Mat LightMapScale=128.0 Link=37
					Origin   +00116.123000,+00173.790600,+00256.000000
					Normal   +00000.000000,+00000.000000,+00001.000000
					TextureU +00000.707106,+00000.707107,+00000.000000
					TextureV -00000.707107,+00000.707106,+00000.000000
					Vertex   -00331.877000,+00173.790500,+00256.000000
					Vertex   -00274.210000,+00116.123300,+00256.000000
					Vertex   -00202.150400,+00164.272000,+00256.000000
					Vertex   -00283.728500,+00245.850100,+00256.000000
				End Polygon
				Begin Polygon Item=Side Texture=/Game/Materials/M15Tex/M15_anubisfloor_01_Mat.M15_anubisfloor_01_Mat LightMapScale=128.0 Link=38
					Origin   +00173.790500,+00116.123300,+00256.000000
					Normal   +00000.000000,+00000.000000,+00001.000000
					TextureU +00000.923879,+00000.382684,+00000.000000
					TextureV -00000.382684,+00000.923879,+00000.000000
					Vertex   -00274.210000,+00116.123300,+00256.000000
					Vertex   -00243.000000,+00040.777100,+00256.000000
					Vertex   -00158.000000,+00057.684810,+00256.000000
					Vertex   -00202.150400,+00164.272000,+00256.000000
				End Polygon
				Begin Polygon Item=Side Texture=/Game/Materials/M15Tex/M15_anubisfloor_01_Mat.M15_anubisfloor_01_Mat LightMapScale=128.0 Link=39
					Origin   +00204.999900,+00040.777170,+00256.000000
					Normal   +00000.000000,+00000.000000,+00001.000000
					TextureU +00001.000000,+00000.000000,+00000.000000
					TextureV +00000.000000,+00001.000000,+00000.000000
					Vertex   -00243.000000,+00040.777100,+00256.000000
					Vertex   -00243.000000,-00040.776860,+00256.000000
					Vertex   -00158.000000,-00057.684330,+00256.000000
					Vertex   -00158.000000,+00057.684810,+00256.000000
				End Polygon
				Begin Polygon Item=Side Texture=/Game/Materials/M15Tex/M15_anubisfloor_01_Mat.M15_anubisfloor_01_Mat LightMapScale=128.0 Link=40
					Origin   +00205.000000,-00040.776890,+00256.000000
					Normal   +00000.000000,+00000.000000,+00001.000000
					TextureU +00000.923879,-00000.382683,+00000.000000
					TextureV +00000.382683,+00000.923879,+00000.000000
					Vertex   -00243.000000,-00040.776860,+00256.000000
					Vertex   -00274.209000,-00116.123000,+00256.000000
					Vertex   -00202.149400,-00164.271700,+00256.000000
					Vertex   -00158.000000,-00057.684330,+00256.000000
				End Polygon
				Begin Polygon Item=Side Texture=/Game/Materials/M15Tex/M15_anubisfloor_01_Mat.M15_anubisfloor_01_Mat LightMapScale=128.0 Link=41
					Origin   +00173.790600,-00116.123000,+00256.000000
					Normal   +00000.000000,+00000.000000,+00001.000000
					TextureU +00000.707107,-00000.707106,+00000.000000
					TextureV +00000.707106,+00000.707107,+00000.000000
					Vertex   -00274.209000,-00116.123000,+00256.000000
					Vertex   -00331.877000,-00173.790500,+00256.000000
					Vertex   -00283.728500,-00245.850100,+00256.000000
					Vertex   -00202.149400,-00164.271700,+00256.000000
				End Polygon
				Begin Polygon Item=Side Texture=/Game/Materials/M15Tex/M15_anubisfloor_01_Mat.M15_anubisfloor_01_Mat LightMapScale=128.0 Link=42
					Origin   +00116.123200,-00173.790500,+00256.000000
					Normal   +00000.000000,+00000.000000,+00001.000000
					TextureU +00000.382684,-00000.923879,+00000.000000
					TextureV +00000.923879,+00000.382684,+00000.000000
					Vertex   -00331.877000,-00173.790500,+00256.000000
					Vertex   -00407.222700,-00205.000000,+00256.000000
					Vertex   -00390.315400,-00290.000000,+00256.000000
					Vertex   -00283.728500,-00245.850100,+00256.000000
				End Polygon
				Begin Polygon Item=Side Texture=/Game/Materials/M15Tex/M15_anubisfloor_01_Mat.M15_anubisfloor_01_Mat LightMapScale=128.0 Link=43
					Origin   +00040.777190,-00205.000000,+00256.000000
					Normal   +00000.000000,+00000.000000,+00001.000000
					TextureU +00000.000000,-00001.000000,+00000.000000
					TextureV +00001.000000,+00000.000000,+00000.000000
					Vertex   -00407.222700,-00205.000000,+00256.000000
					Vertex   -00488.777300,-00205.000000,+00256.000000
					Vertex   -00505.684600,-00290.000000,+00256.000000
					Vertex   -00390.315400,-00290.000000,+00256.000000
				End Polygon
				Begin Polygon Item=Side Texture=/Game/Materials/M15Tex/M15_anubisfloor_01_Mat.M15_anubisfloor_01_Mat LightMapScale=128.0 Link=44
					Origin   -00040.776890,-00205.000000,+00256.000000
					Normal   +00000.000000,+00000.000000,+00001.000000
					TextureU -00000.382683,-00000.923880,+00000.000000
					TextureV +00000.923880,-00000.382683,+00000.000000
					Vertex   -00488.777300,-00205.000000,+00256.000000
					Vertex   -00564.123000,-00173.790500,+00256.000000
					Vertex   -00612.271500,-00245.850100,+00256.000000
					Vertex   -00505.684600,-00290.000000,+00256.000000
				End Polygon
