Begin Map
	Begin Level Name=/Game/Converted/MP-HalfwayHouse-UT2004/MP-HalfwayHouse-UT2004
	Begin Actor Class=Brush Name=BigAdditiveBrush
		Begin Object Name="BrushComponent0"
		RelativeLocation=(X=1559.999878,Y=-1160.000244,Z=248.500000)
		End Object
		BrushType=Brush_Add
		Begin Brush Name=Model_6
			Begin PolyList
				Begin Polygon Item=Side LightMapScale=2048 Link=0
					Origin   +00000.000000,+00000.000000,+00000.000000
					Normal   -00001.000000,+00000.000000,+00000.000000
					TextureU +00000.000000,+00001.000000,+00000.000000
					TextureV +00000.000000,+00000.000000,-00001.000000
					Vertex   -04092.000122,-03692.000244,-01324.500000
					Vertex   -04092.000122,-03692.000244,+01324.500000
					Vertex   -04092.000122,+03692.000244,+01324.500000
					Vertex   -04092.000122,+03692.000244,-01324.500000
				End Polygon
				Begin Polygon Item=Side LightMapScale=2048 Link=1
					Origin   +00000.000000,+00000.000000,+00000.000000
					Normal   +00000.000000,+00001.000000,+00000.000000
					TextureU +00001.000000,+00000.000000,+00000.000000
					TextureV +00000.000000,+00000.000000,-00001.000000
					Vertex   -04092.000122,+03692.000244,-01324.500000
					Vertex   -04092.000122,+03692.000244,+01324.500000
					Vertex   +04092.000122,+03692.000244,+01324.500000
					Vertex   +04092.000122,+03692.000244,-01324.500000
				End Polygon
				Begin Polygon Item=Side LightMapScale=2048 Link=2
					Origin   +00000.000000,+00000.000000,+00000.000000
					Normal   +00001.000000,+00000.000000,+00000.000000
					TextureU +00000.000000,-00001.000000,+00000.000000
					TextureV +00000.000000,+00000.000000,-00001.000000
					Vertex   +04092.000122,+03692.000244,-01324.500000
					Vertex   +04092.000122,+03692.000244,+01324.500000
					Vertex   +04092.000122,-03692.000244,+01324.500000
					Vertex   +04092.000122,-03692.000244,-01324.500000
				End Polygon
				Begin Polygon Item=Side LightMapScale=2048 Link=3
					Origin   +00000.000000,+00000.000000,+00000.000000
					Normal   +00000.000000,-00001.000000,+00000.000000
					TextureU -00001.000000,+00000.000000,+00000.000000
					TextureV +00000.000000,+00000.000000,-00001.000000
					Vertex   +04092.000122,-03692.000244,-01324.500000
					Vertex   +04092.000122,-03692.000244,+01324.500000
					Vertex   -04092.000122,-03692.000244,+01324.500000
					Vertex   -04092.000122,-03692.000244,-01324.500000
				End Polygon
				Begin Polygon Item=Side LightMapScale=2048 Link=4
					Origin   +00000.000000,+00000.000000,+00000.000000
					Normal   +00000.000000,+00000.000000,+00001.000000
					TextureU +00001.000000,+00000.000000,+00000.000000
					TextureV +00000.000000,+00001.000000,+00000.000000
					Vertex   -04092.000122,+03692.000244,+01324.500000
					Vertex   -04092.000122,-03692.000244,+01324.500000
					Vertex   +04092.000122,-03692.000244,+01324.500000
					Vertex   +04092.000122,+03692.000244,+01324.500000
				End Polygon
				Begin Polygon Item=Side LightMapScale=2048 Link=5
					Origin   +00000.000000,+00000.000000,+00000.000000
					Normal   +00000.000000,+00000.000000,-00001.000000
					TextureU +00001.000000,+00000.000000,+00000.000000
					TextureV +00000.000000,-00001.000000,+00000.000000
					Vertex   -04092.000122,-03692.000244,-01324.500000
					Vertex   -04092.000122,+03692.000244,-01324.500000
					Vertex   +04092.000122,+03692.000244,-01324.500000
					Vertex   +04092.000122,-03692.000244,-01324.500000
				End Polygon
			End PolyList
		End Brush
		Brush=Model'Model_6'
		BrushComponent=BrushComponent0
		ActorLabel="BigAdditiveBrush"
	End Actor
	Begin Actor Class=Note Name=LevelInfo0_Note
		Begin Object Class=SceneComponent Name="SceneComp"
		End Object
		Begin Object Name="SceneComp"
		RelativeLocation=(X=0.000000,Y=0.000000,Z=0.000000)
		End Object
		Text="Author: Irrational Games Title: -EXP- Sisters of Mercy Hostel"
		RootComponent=SceneComp
		SpriteScale=4.0
		ActorLabel="LevelInfo0_Note"
	End Actor
	Begin Actor Class=Brush Name=Brush130_Brush
		Begin Object Name="BrushComponent0"
		RelativeLocation=(X=2528.000000,Y=-1984.000000,Z=305.000000)
		End Object
		BrushType=Brush_Add
		Begin Brush Name=Model_6
			Begin PolyList
				Begin Polygon Item=Side LightMapScale=64 Link=0
					Origin   +00128.000000,+00127.999878,-00337.000000
					Normal   +00000.000000,+00000.000000,+00001.000000
					TextureU +00000.051215,+00000.998688,+00000.000000
					TextureV -00000.998688,+00000.051215,+00000.000000
					Vertex   +00089.000000,+00129.999878,-00257.000000
					Vertex   +00167.000000,+00125.999878,-00257.000000
					Vertex   +00167.000000,+00129.999878,-00257.000000
				End Polygon
				Begin Polygon Item=Side LightMapScale=64 Link=1
					Origin   +00128.000000,+00127.999878,-00337.000000
					Normal   +00000.000000,+00000.000000,+00001.000000
					TextureU -00000.051215,-00000.998688,+00000.000000
					TextureV +00000.998688,-00000.051215,+00000.000000
					Vertex   +00167.000000,+00125.999878,-00257.000000
					Vertex   +00089.000000,+00129.999878,-00257.000000
					Vertex   +00089.000000,+00125.999878,-00257.000000
				End Polygon
				Begin Polygon Item=Side LightMapScale=64 Link=2
					Origin   +00128.000000,+00127.999878,-00337.000000
					Normal   +00000.000000,+00000.000000,-00001.000000
					TextureU -00000.051215,-00000.998688,+00000.000000
					TextureV -00000.998688,+00000.051215,+00000.000000
					Vertex   +00089.000000,+00129.999878,-00417.000000
					Vertex   +00167.000000,+00125.999878,-00417.000000
					Vertex   +00089.000000,+00125.999878,-00417.000000
				End Polygon
				Begin Polygon Item=Side LightMapScale=64 Link=3
					Origin   +00128.000000,+00127.999878,-00337.000000
					Normal   +00000.000000,+00000.000000,-00001.000000
					TextureU +00000.051215,+00000.998688,+00000.000000
					TextureV +00000.998688,-00000.051215,+00000.000000
					Vertex   +00167.000000,+00125.999878,-00417.000000
					Vertex   +00089.000000,+00129.999878,-00417.000000
					Vertex   +00167.000000,+00129.999878,-00417.000000
				End Polygon
				Begin Polygon Item=Side LightMapScale=64 Link=4
					Origin   +00128.000000,+00127.999878,-00337.000000
					Normal   +00000.000000,-00001.000000,+00000.000000
					TextureU -00000.898876,+00000.000000,+00000.438202
					TextureV -00000.438202,+00000.000000,-00000.898876
					Vertex   +00089.000000,+00125.999878,-00417.000000
					Vertex   +00167.000000,+00125.999878,-00257.000000
					Vertex   +00089.000000,+00125.999878,-00257.000000
				End Polygon
				Begin Polygon Item=Side LightMapScale=64 Link=5
					Origin   +00128.000000,+00127.999878,-00337.000000
					Normal   +00000.000000,-00001.000000,+00000.000000
					TextureU +00000.898876,+00000.000000,-00000.438202
					TextureV +00000.438202,+00000.000000,+00000.898876
					Vertex   +00167.000000,+00125.999878,-00257.000000
					Vertex   +00089.000000,+00125.999878,-00417.000000
					Vertex   +00167.000000,+00125.999878,-00417.000000
				End Polygon
				Begin Polygon Item=Side LightMapScale=64 Link=6
					Origin   +00128.000000,+00127.999878,-00337.000000
					Normal   -00001.000000,+00000.000000,+00000.000000
					TextureU +00000.000000,+00000.999688,+00000.024992
					TextureV +00000.000000,+00000.024992,-00000.999688
					Vertex   +00089.000000,+00129.999878,-00417.000000
					Vertex   +00089.000000,+00125.999878,-00257.000000
					Vertex   +00089.000000,+00129.999878,-00257.000000
				End Polygon
				Begin Polygon Item=Side LightMapScale=64 Link=7
					Origin   +00128.000000,+00127.999878,-00337.000000
					Normal   -00001.000000,+00000.000000,+00000.000000
					TextureU +00000.000000,-00000.999688,-00000.024992
					TextureV +00000.000000,-00000.024992,+00000.999688
					Vertex   +00089.000000,+00125.999878,-00257.000000
					Vertex   +00089.000000,+00129.999878,-00417.000000
					Vertex   +00089.000000,+00125.999878,-00417.000000
				End Polygon
				Begin Polygon Item=Side LightMapScale=64 Link=8
					Origin   +00128.000000,+00127.999878,-00337.000000
					Normal   +00000.000000,+00001.000000,+00000.000000
					TextureU +00000.898876,+00000.000000,+00000.438202
					TextureV +00000.438202,+00000.000000,-00000.898876
					Vertex   +00167.000000,+00129.999878,-00417.000000
					Vertex   +00089.000000,+00129.999878,-00257.000000
					Vertex   +00167.000000,+00129.999878,-00257.000000
				End Polygon
				Begin Polygon Item=Side LightMapScale=64 Link=9
					Origin   +00128.000000,+00127.999878,-00337.000000
					Normal   +00000.000000,+00001.000000,+00000.000000
					TextureU -00000.898876,+00000.000000,-00000.438202
					TextureV -00000.438202,+00000.000000,+00000.898876
					Vertex   +00089.000000,+00129.999878,-00257.000000
					Vertex   +00167.000000,+00129.999878,-00417.000000
					Vertex   +00089.000000,+00129.999878,-00417.000000
				End Polygon
				Begin Polygon Item=Side LightMapScale=64 Link=10
					Origin   +00128.000000,+00127.999878,-00337.000000
					Normal   +00001.000000,+00000.000000,+00000.000000
					TextureU +00000.000000,-00000.999688,+00000.024992
					TextureV +00000.000000,-00000.024992,-00000.999688
					Vertex   +00167.000000,+00125.999878,-00417.000000
					Vertex   +00167.000000,+00129.999878,-00257.000000
					Vertex   +00167.000000,+00125.999878,-00257.000000
				End Polygon
				Begin Polygon Item=Side LightMapScale=64 Link=11
					Origin   +00128.000000,+00127.999878,-00337.000000
					Normal   +00001.000000,+00000.000000,+00000.000000
					TextureU +00000.000000,+00000.999688,-00000.024992
					TextureV +00000.000000,+00000.024992,+00000.999688
					Vertex   +00167.000000,+00129.999878,-00257.000000
					Vertex   +00167.000000,+00125.999878,-00417.000000
					Vertex   +00167.000000,+00129.999878,-00417.000000
				End Polygon
				Begin Polygon Item=Side LightMapScale=64 Link=12
					Origin   +00128.000000,+00127.999878,-00337.000000
					Normal   +00000.000000,+00001.000000,+00000.000000
					TextureU +00000.000000,+00000.000000,-00001.000000
					TextureV -00001.000000,+00000.000000,+00000.000000
					Vertex   +00106.000000,+00144.999878,-00257.000000
					Vertex   +00150.000000,+00144.999878,-00257.000000
					Vertex   +00150.000000,+00144.999878,-00417.000000
				End Polygon
				Begin Polygon Item=Side LightMapScale=64 Link=13
					Origin   +00128.000000,+00127.999878,-00337.000000
					Normal   +00000.000000,+00001.000000,+00000.000000
					TextureU +00000.000000,+00000.000000,+00001.000000
					TextureV +00001.000000,+00000.000000,+00000.000000
					Vertex   +00150.000000,+00144.999878,-00417.000000
					Vertex   +00106.000000,+00144.999878,-00417.000000
					Vertex   +00106.000000,+00144.999878,-00257.000000
				End Polygon
				Begin Polygon Item=Side LightMapScale=64 Link=14
					Origin   +00128.000000,+00127.999878,-00337.000000
					Normal   +00000.000000,-00001.000000,+00000.000000
					TextureU +00001.000000,+00000.000000,+00000.000000
					TextureV +00000.000000,+00000.000000,+00001.000000
					Vertex   +00106.000000,+00110.999878,-00257.000000
					Vertex   +00106.000000,+00110.999878,-00417.000000
					Vertex   +00150.000000,+00110.999878,-00417.000000
				End Polygon
				Begin Polygon Item=Side LightMapScale=64 Link=15
					Origin   +00128.000000,+00127.999878,-00337.000000
					Normal   +00000.000000,-00001.000000,+00000.000000
					TextureU -00001.000000,+00000.000000,+00000.000000
					TextureV +00000.000000,+00000.000000,-00001.000000
					Vertex   +00150.000000,+00110.999878,-00417.000000
					Vertex   +00150.000000,+00110.999878,-00257.000000
					Vertex   +00106.000000,+00110.999878,-00257.000000
				End Polygon
				Begin Polygon Item=Side LightMapScale=64 Link=16
					Origin   +00128.000000,+00127.999878,-00337.000000
					Normal   +00000.000000,+00000.000000,-00001.000000
					TextureU +00000.707107,-00000.707107,+00000.000000
					TextureV -00000.707107,-00000.707107,+00000.000000
					Vertex   +00089.000000,+00127.999878,-00417.000000
					Vertex   +00106.000000,+00144.999878,-00417.000000
					Vertex   +00150.000000,+00144.999878,-00417.000000
				End Polygon
				Begin Polygon Item=Side LightMapScale=64 Link=17
					Origin   +00128.000000,+00127.999878,-00337.000000
					Normal   +00000.000000,+00000.000000,-00001.000000
					TextureU -00000.707107,-00000.707107,+00000.000000
					TextureV -00000.707107,+00000.707107,+00000.000000
					Vertex   +00150.000000,+00144.999878,-00417.000000
					Vertex   +00167.000000,+00127.999878,-00417.000000
					Vertex   +00089.000000,+00127.999878,-00417.000000
				End Polygon
				Begin Polygon Item=Side LightMapScale=64 Link=18
					Origin   +00128.000000,+00127.999878,-00337.000000
					Normal   +00000.000000,+00000.000000,-00001.000000
					TextureU +00000.707107,+00000.707107,+00000.000000
					TextureV +00000.707107,-00000.707107,+00000.000000
					Vertex   +00106.000000,+00110.999878,-00417.000000
					Vertex   +00089.000000,+00127.999878,-00417.000000
					Vertex   +00167.000000,+00127.999878,-00417.000000
				End Polygon
				Begin Polygon Item=Side LightMapScale=64 Link=19
					Origin   +00128.000000,+00127.999878,-00337.000000
					Normal   +00000.000000,+00000.000000,-00001.000000
					TextureU -00000.707107,+00000.707107,+00000.000000
					TextureV +00000.707107,+00000.707107,+00000.000000
					Vertex   +00167.000000,+00127.999878,-00417.000000
					Vertex   +00150.000000,+00110.999878,-00417.000000
					Vertex   +00106.000000,+00110.999878,-00417.000000
				End Polygon
				Begin Polygon Item=Side LightMapScale=64 Link=20
					Origin   +00128.000000,+00127.999878,-00337.000000
					Normal   -00000.707107,+00000.707107,+00000.000000
					TextureU +00000.000000,+00000.000000,-00001.000000
					TextureV -00000.707107,-00000.707107,+00000.000000
					Vertex   +00089.000000,+00127.999878,-00257.000000
					Vertex   +00106.000000,+00144.999878,-00257.000000
					Vertex   +00106.000000,+00144.999878,-00417.000000
				End Polygon
				Begin Polygon Item=Side LightMapScale=64 Link=21
					Origin   +00128.000000,+00127.999878,-00337.000000
					Normal   -00000.707107,+00000.707107,+00000.000000
					TextureU +00000.000000,+00000.000000,+00001.000000
					TextureV +00000.707107,+00000.707107,+00000.000000
					Vertex   +00106.000000,+00144.999878,-00417.000000
					Vertex   +00089.000000,+00127.999878,-00417.000000
					Vertex   +00089.000000,+00127.999878,-00257.000000
				End Polygon
				Begin Polygon Item=Side LightMapScale=64 Link=22
					Origin   +00128.000000,+00127.999878,-00337.000000
					Normal   -00000.707107,-00000.707107,+00000.000000
					TextureU +00000.000000,+00000.000000,-00001.000000
					TextureV +00000.707107,-00000.707107,+00000.000000
					Vertex   +00106.000000,+00110.999878,-00257.000000
					Vertex   +00089.000000,+00127.999878,-00257.000000
					Vertex   +00089.000000,+00127.999878,-00417.000000
				End Polygon
				Begin Polygon Item=Side LightMapScale=64 Link=23
					Origin   +00128.000000,+00127.999878,-00337.000000
					Normal   -00000.707107,-00000.707107,+00000.000000
					TextureU +00000.000000,+00000.000000,+00001.000000
					TextureV -00000.707107,+00000.707107,+00000.000000
					Vertex   +00089.000000,+00127.999878,-00417.000000
					Vertex   +00106.000000,+00110.999878,-00417.000000
					Vertex   +00106.000000,+00110.999878,-00257.000000
				End Polygon
				Begin Polygon Item=Side LightMapScale=64 Link=24
					Origin   +00128.000000,+00127.999878,-00337.000000
					Normal   +00000.000000,+00000.000000,+00001.000000
					TextureU -00000.707107,-00000.707107,+00000.000000
					TextureV +00000.707107,-00000.707107,+00000.000000
					Vertex   +00167.000000,+00127.999878,-00257.000000
					Vertex   +00150.000000,+00144.999878,-00257.000000
					Vertex   +00106.000000,+00144.999878,-00257.000000
				End Polygon
				Begin Polygon Item=Side LightMapScale=64 Link=25
					Origin   +00128.000000,+00127.999878,-00337.000000
					Normal   +00000.000000,+00000.000000,+00001.000000
					TextureU +00000.707107,-00000.707107,+00000.000000
					TextureV +00000.707107,+00000.707107,+00000.000000
					Vertex   +00106.000000,+00144.999878,-00257.000000
					Vertex   +00089.000000,+00127.999878,-00257.000000
					Vertex   +00167.000000,+00127.999878,-00257.000000
				End Polygon
				Begin Polygon Item=Side LightMapScale=64 Link=26
					Origin   +00128.000000,+00127.999878,-00337.000000
					Normal   +00000.000000,+00000.000000,+00001.000000
					TextureU -00000.707107,+00000.707107,+00000.000000
					TextureV -00000.707107,-00000.707107,+00000.000000
					Vertex   +00150.000000,+00110.999878,-00257.000000
					Vertex   +00167.000000,+00127.999878,-00257.000000
					Vertex   +00089.000000,+00127.999878,-00257.000000
				End Polygon
				Begin Polygon Item=Side LightMapScale=64 Link=27
					Origin   +00128.000000,+00127.999878,-00337.000000
					Normal   +00000.000000,+00000.000000,+00001.000000
					TextureU +00000.707107,+00000.707107,+00000.000000
					TextureV -00000.707107,+00000.707107,+00000.000000
					Vertex   +00089.000000,+00127.999878,-00257.000000
					Vertex   +00106.000000,+00110.999878,-00257.000000
					Vertex   +00150.000000,+00110.999878,-00257.000000
				End Polygon
				Begin Polygon Item=Side LightMapScale=64 Link=28
					Origin   +00128.000000,+00127.999878,-00337.000000
					Normal   +00000.707107,+00000.707107,+00000.000000
					TextureU +00000.000000,+00000.000000,+00001.000000
					TextureV +00000.707107,-00000.707107,+00000.000000
					Vertex   +00167.000000,+00127.999878,-00417.000000
					Vertex   +00150.000000,+00144.999878,-00417.000000
					Vertex   +00150.000000,+00144.999878,-00257.000000
				End Polygon
				Begin Polygon Item=Side LightMapScale=64 Link=29
					Origin   +00128.000000,+00127.999878,-00337.000000
					Normal   +00000.707107,+00000.707107,+00000.000000
					TextureU +00000.000000,+00000.000000,-00001.000000
					TextureV -00000.707107,+00000.707107,+00000.000000
					Vertex   +00150.000000,+00144.999878,-00257.000000
					Vertex   +00167.000000,+00127.999878,-00257.000000
					Vertex   +00167.000000,+00127.999878,-00417.000000
				End Polygon
				Begin Polygon Item=Side LightMapScale=64 Link=30
					Origin   +00128.000000,+00127.999878,-00337.000000
					Normal   +00000.707107,-00000.707107,+00000.000000
					TextureU +00000.000000,+00000.000000,+00001.000000
					TextureV -00000.707107,-00000.707107,+00000.000000
					Vertex   +00150.000000,+00110.999878,-00417.000000
					Vertex   +00167.000000,+00127.999878,-00417.000000
					Vertex   +00167.000000,+00127.999878,-00257.000000
				End Polygon
				Begin Polygon Item=Side LightMapScale=64 Link=31
					Origin   +00128.000000,+00127.999878,-00337.000000
					Normal   +00000.707107,-00000.707107,+00000.000000
					TextureU +00000.000000,+00000.000000,-00001.000000
					TextureV +00000.707107,+00000.707107,+00000.000000
					Vertex   +00167.000000,+00127.999878,-00257.000000
					Vertex   +00150.000000,+00110.999878,-00257.000000
					Vertex   +00150.000000,+00110.999878,-00417.000000
				End Polygon
			End PolyList
		End Brush
		Brush=Model'Model_6'
		BrushComponent=BrushComponent0
		ActorLabel="Brush130_Brush"
		Tags(0)="Brush"
		Group="Cube"
	End Actor
	Begin Actor Class=Note Name=DefaultPhysicsVolume6_DefaultPhysicsVolume
		Begin Object Class=SceneComponent Name="SceneComp"
		End Object
		Begin Object Name="SceneComp"
		RelativeLocation=(X=235.000000,Y=-1149.000000,Z=-32.000000)
		End Object
		Text="Unconverted: DefaultPhysicsVolume"
		RootComponent=SceneComp
		ActorLabel="DefaultPhysicsVolume6_DefaultPhysicsVolume"
		Tags(0)="DefaultPhysicsVolume"
	End Actor
	Begin Actor Class=Brush Name=Brush9_Brush
		Begin Object Name="BrushComponent0"
		RelativeLocation=(X=704.000000,Y=-928.000000,Z=48.000000)
		End Object
		BrushType=Brush_Subtract
		Begin Brush Name=Model_6
			Begin PolyList
				Begin Polygon Item=Side Texture=/Game/Converted/MP-HalfwayHouse-UT2004/Con_Tex_con_wall04_shader_Mat.Con_Tex_con_wall04_shader_Mat LightMapScale=64 Link=0
					Origin   -00256.000000,+00928.000000,-00000.639999
					Normal   -00001.000000,+00000.000000,+00000.000000
					TextureU +00000.000000,-00002.469136,+00000.000000
					TextureV +00000.000000,+00000.000000,-00002.469136
					Vertex   +00000.000000,-00352.000122,-00208.000000
					Vertex   +00000.000000,-00352.000122,+00000.000000
					Vertex   +00000.000000,+00047.999878,+00000.000000
					Vertex   +00000.000000,+00047.999878,-00208.000000
				End Polygon
				Begin Polygon Item=Side Texture=/Game/Converted/MP-HalfwayHouse-UT2004/Arms_Tex_arm_brickwall01_shader_Mat.Arms_Tex_arm_brickwall01_shader_Mat LightMapScale=64 Link=1
					Origin   -00704.000000,+00928.000000,-00048.000000
					Normal   +00000.000000,+00001.000000,+00000.000000
					TextureU -00002.000000,+00000.000000,+00000.000000
					TextureV +00000.000000,+00000.000000,-00002.000000
					Vertex   +00000.000000,+00047.999878,-00208.000000
					Vertex   +00000.000000,+00047.999878,+00000.000000
					Vertex   +00640.000000,+00047.999878,+00000.000000
					Vertex   +00640.000000,+00047.999878,-00208.000000
				End Polygon
				Begin Polygon Item=Side Texture=/Game/Converted/MP-HalfwayHouse-UT2004/Con_Tex_con_wall04_shader_Mat.Con_Tex_con_wall04_shader_Mat LightMapScale=64 Link=2
					Origin   -00256.000000,+00928.000000,-00000.639999
					Normal   +00001.000000,+00000.000000,+00000.000000
					TextureU +00000.000000,+00002.469136,+00000.000000
					TextureV +00000.000000,+00000.000000,-00002.469136
					Vertex   +00640.000000,+00047.999878,-00208.000000
					Vertex   +00640.000000,+00047.999878,+00000.000000
					Vertex   +00640.000000,-00352.000122,+00000.000000
					Vertex   +00640.000000,-00352.000122,-00208.000000
				End Polygon
				Begin Polygon Item=Side Texture=/Game/Converted/MP-HalfwayHouse-UT2004/Bar_Tex_bar_tile02_shader_Mat.Bar_Tex_bar_tile02_shader_Mat LightMapScale=64 Link=3
					Origin   +01024.000000,+00031.999878,-00666.399902
					Normal   +00000.000000,-00001.000000,+00000.000000
					TextureU -00002.222222,+00000.000003,+00000.000000
					TextureV +00000.000000,+00000.000000,-00002.222222
					Vertex   +00640.000000,-00352.000122,-00208.000000
					Vertex   +00640.000000,-00352.000122,+00000.000000
					Vertex   +00000.000000,-00352.000122,+00000.000000
					Vertex   +00000.000000,-00352.000122,-00208.000000
				End Polygon
				Begin Polygon Item=Side Texture=/Game/Converted/MP-HalfwayHouse-UT2004/Hosp_hosp_ceiling_shader_Mat.Hosp_hosp_ceiling_shader_Mat LightMapScale=64 Link=4
					Origin   -00256.000000,+00928.000000,-00048.000000
					Normal   +00000.000000,+00000.000000,+00001.000000
					TextureU +00004.000000,+00000.000000,+00000.000000
					TextureV +00000.000000,-00004.000000,+00000.000000
					Vertex   +00000.000000,+00047.999878,+00000.000000
					Vertex   +00000.000000,-00352.000122,+00000.000000
					Vertex   +00640.000000,-00352.000122,+00000.000000
					Vertex   +00640.000000,+00047.999878,+00000.000000
				End Polygon
				Begin Polygon Item=Side Texture=/Game/Converted/MP-HalfwayHouse-UT2004/Con_Tex_con_carpet01_shader_Mat.Con_Tex_con_carpet01_shader_Mat LightMapScale=64 Link=5
					Origin   -00704.000000,+00928.000000,-00048.000000
					Normal   +00000.000000,+00000.000000,-00001.000000
					TextureU -00002.000000,+00000.000000,+00000.000000
					TextureV +00000.000000,-00002.000000,+00000.000000
					Vertex   +00000.000000,-00352.000122,-00208.000000
					Vertex   +00000.000000,+00047.999878,-00208.000000
					Vertex   +00640.000000,+00047.999878,-00208.000000
					Vertex   +00640.000000,-00352.000122,-00208.000000
				End Polygon
			End PolyList
		End Brush
		Brush=Model'Model_6'
		BrushComponent=BrushComponent0
		ActorLabel="Brush9_Brush"
		Tags(0)="Brush"
	End Actor
	Begin Actor Class=Brush Name=Brush10_Brush
		Begin Object Name="BrushComponent0"
		RelativeLocation=(X=1344.000000,Y=-1280.000000,Z=48.000000)
		End Object
		BrushType=Brush_Subtract
		Begin Brush Name=Model_6
			Begin PolyList
				Begin Polygon Item=Side Texture=/Game/Converted/MP-HalfwayHouse-UT2004/Con_Tex_con_wall04_shader_Mat.Con_Tex_con_wall04_shader_Mat LightMapScale=64 Link=0
					Origin   -00896.000000,+01280.000000,-00000.639999
					Normal   -00001.000000,+00000.000000,+00000.000000
					TextureU +00000.000000,-00002.469136,+00000.000000
					TextureV +00000.000000,+00000.000000,-00002.469136
					Vertex   -00768.000000,-00512.000122,-00208.000000
					Vertex   -00768.000000,-00512.000122,+00000.000000
					Vertex   -00768.000000,-00000.000122,+00000.000000
					Vertex   -00768.000000,-00000.000122,-00208.000000
				End Polygon
				Begin Polygon Item=Side Texture=/Game/Converted/MP-HalfwayHouse-UT2004/Con_Tex_con_wall04_shader_Mat.Con_Tex_con_wall04_shader_Mat LightMapScale=64 Link=1
					Origin   -00896.000000,+01280.000000,-00000.639999
					Normal   +00000.000000,+00001.000000,+00000.000000
					TextureU -00002.469136,+00000.000000,+00000.000000
					TextureV +00000.000000,+00000.000000,-00002.469136
					Vertex   -00768.000000,-00000.000122,-00208.000000
					Vertex   -00768.000000,-00000.000122,+00000.000000
					Vertex   +00000.000000,-00000.000122,+00000.000000
					Vertex   +00000.000000,-00000.000122,-00208.000000
				End Polygon
				Begin Polygon Item=Side Texture=/Game/Converted/MP-HalfwayHouse-UT2004/Con_Tex_con_wall04_shader_Mat.Con_Tex_con_wall04_shader_Mat LightMapScale=64 Link=2
					Origin   -00896.000000,+01280.000000,-00000.639999
					Normal   +00001.000000,+00000.000000,+00000.000000
					TextureU +00000.000000,+00002.469136,+00000.000000
					TextureV +00000.000000,+00000.000000,-00002.469136
					Vertex   +00000.000000,-00000.000122,-00208.000000
					Vertex   +00000.000000,-00000.000122,+00000.000000
					Vertex   +00000.000000,-00512.000122,+00000.000000
					Vertex   +00000.000000,-00512.000122,-00208.000000
				End Polygon
				Begin Polygon Item=Side Texture=/Game/Converted/MP-HalfwayHouse-UT2004/Con_Tex_con_wall04_shader_Mat.Con_Tex_con_wall04_shader_Mat LightMapScale=64 Link=3
					Origin   -00896.000000,+01280.000000,-00000.639999
					Normal   +00000.000000,-00001.000000,+00000.000000
					TextureU +00002.469136,+00000.000000,+00000.000000
					TextureV +00000.000000,+00000.000000,-00002.469136
					Vertex   +00000.000000,-00512.000122,-00208.000000
					Vertex   +00000.000000,-00512.000122,+00000.000000
					Vertex   -00768.000000,-00512.000122,+00000.000000
					Vertex   -00768.000000,-00512.000122,-00208.000000
				End Polygon
				Begin Polygon Item=Side Texture=/Game/Converted/MP-HalfwayHouse-UT2004/Hosp_hosp_ceiling_shader_Mat.Hosp_hosp_ceiling_shader_Mat LightMapScale=64 Link=4
					Origin   -00896.000000,+01280.000000,-00048.000000
					Normal   +00000.000000,+00000.000000,+00001.000000
					TextureU +00004.000000,+00000.000000,+00000.000000
					TextureV +00000.000000,-00004.000000,+00000.000000
					Vertex   -00768.000000,-00000.000122,+00000.000000
					Vertex   -00768.000000,-00512.000122,+00000.000000
					Vertex   +00000.000000,-00512.000122,+00000.000000
					Vertex   +00000.000000,-00000.000122,+00000.000000
				End Polygon
				Begin Polygon Item=Side Texture=/Game/Converted/MP-HalfwayHouse-UT2004/Con_Tex_con_carpet01_shader_Mat.Con_Tex_con_carpet01_shader_Mat LightMapScale=64 Link=5
					Origin   -01344.000000,+01280.000000,-00048.000000
					Normal   +00000.000000,+00000.000000,-00001.000000
					TextureU -00002.000000,+00000.000000,+00000.000000
					TextureV +00000.000000,-00002.000000,+00000.000000
					Vertex   -00768.000000,-00512.000122,-00208.000000
					Vertex   -00768.000000,-00000.000122,-00208.000000
					Vertex   +00000.000000,-00000.000122,-00208.000000
					Vertex   +00000.000000,-00512.000122,-00208.000000
				End Polygon
			End PolyList
		End Brush
		Brush=Model'Model_6'
		BrushComponent=BrushComponent0
		ActorLabel="Brush10_Brush"
		Tags(0)="Brush"
	End Actor
	Begin Actor Class=Brush Name=Brush30_Brush
		Begin Object Name="BrushComponent0"
		RelativeLocation=(X=192.000000,Y=-1792.000000,Z=-160.000000)
		End Object
		BrushType=Brush_Subtract
		Begin Brush Name=Model_6
			Begin PolyList
				Begin Polygon Item=Side Texture=/Game/Converted/MP-HalfwayHouse-UT2004/Con_Tex_con_wall04_shader_Mat.Con_Tex_con_wall04_shader_Mat LightMapScale=64 Link=0
					Origin   +00256.000000,+01792.000000,+00207.425034
					Normal   -00001.000000,+00000.000000,+00000.000000
					TextureU +00000.000000,-00002.469136,+00000.000000
					TextureV +00000.000000,+00000.000000,-00002.469136
					Vertex   +00000.000000,-00000.000122,+00000.000000
					Vertex   +00000.000000,-00000.000122,+00208.000000
					Vertex   +00000.000000,+00319.999878,+00208.000000
					Vertex   +00000.000000,+00319.999878,+00000.000000
				End Polygon
				Begin Polygon Item=Side Texture=/Game/Converted/MP-HalfwayHouse-UT2004/Con_Tex_con_wall04_shader_Mat.Con_Tex_con_wall04_shader_Mat LightMapScale=64 Link=1
					Origin   +00256.000000,+01792.000000,-00414.355896
					Normal   +00000.000000,+00001.000000,+00000.000000
					TextureU +00002.469136,+00000.000000,+00000.000000
					TextureV +00000.000000,+00000.000000,-00002.469136
					Vertex   +00000.000000,+00319.999878,+00000.000000
					Vertex   +00000.000000,+00319.999878,+00208.000000
					Vertex   +00384.000000,+00319.999878,+00208.000000
					Vertex   +00384.000000,+00319.999878,+00000.000000
				End Polygon
				Begin Polygon Item=Side Texture=/Game/Converted/MP-HalfwayHouse-UT2004/Tenement_Tex_ten_wall01_Mat.Tenement_Tex_ten_wall01_Mat LightMapScale=64 Link=2
					Origin   +00256.000000,+01792.000000,-00256.000000
					Normal   +00001.000000,+00000.000000,+00000.000000
					TextureU +00000.000000,+00002.000000,+00000.000000
					TextureV +00000.000000,+00000.000000,-00002.000000
					Vertex   +00384.000000,+00319.999878,+00000.000000
					Vertex   +00384.000000,+00319.999878,+00208.000000
					Vertex   +00384.000000,-00000.000122,+00208.000000
					Vertex   +00384.000000,-00000.000122,+00000.000000
				End Polygon
				Begin Polygon Item=Side Texture=/Game/Converted/MP-HalfwayHouse-UT2004/Con_Tex_con_wall04_shader_Mat.Con_Tex_con_wall04_shader_Mat LightMapScale=64 Link=3
					Origin   +00256.000000,+01792.000000,-00207.399963
					Normal   +00000.000000,-00001.000000,+00000.000000
					TextureU +00002.469136,+00000.000000,+00000.000000
					TextureV +00000.000000,+00000.000000,-00002.469136
					Vertex   +00384.000000,-00000.000122,+00000.000000
					Vertex   +00384.000000,-00000.000122,+00208.000000
					Vertex   +00000.000000,-00000.000122,+00208.000000
					Vertex   +00000.000000,-00000.000122,+00000.000000
				End Polygon
				Begin Polygon Item=Side Texture=/Game/Converted/MP-HalfwayHouse-UT2004/Hosp_hosp_ceiling_shader_Mat.Hosp_hosp_ceiling_shader_Mat LightMapScale=64 Link=4
					Origin   +00256.000000,+01792.000000,+00160.000000
					Normal   +00000.000000,+00000.000000,+00001.000000
					TextureU +00004.000000,+00000.000000,+00000.000000
					TextureV +00000.000000,-00004.000000,+00000.000000
					Vertex   +00000.000000,+00319.999878,+00208.000000
					Vertex   +00000.000000,-00000.000122,+00208.000000
					Vertex   +00384.000000,-00000.000122,+00208.000000
					Vertex   +00384.000000,+00319.999878,+00208.000000
				End Polygon
				Begin Polygon Item=Side Texture=/Game/Converted/MP-HalfwayHouse-UT2004/Con_Tex_con_carpet01_shader_Mat.Con_Tex_con_carpet01_shader_Mat LightMapScale=64 Link=5
					Origin   -00192.000000,+01792.000000,+00160.000000
					Normal   +00000.000000,+00000.000000,-00001.000000
					TextureU -00002.000000,+00000.000000,+00000.000000
					TextureV +00000.000000,-00002.000000,+00000.000000
					Vertex   +00000.000000,-00000.000122,+00000.000000
					Vertex   +00000.000000,+00319.999878,+00000.000000
					Vertex   +00384.000000,+00319.999878,+00000.000000
					Vertex   +00384.000000,-00000.000122,+00000.000000
				End Polygon
			End PolyList
		End Brush
		Brush=Model'Model_6'
		BrushComponent=BrushComponent0
		ActorLabel="Brush30_Brush"
		Tags(0)="Brush"
	End Actor
	Begin Actor Class=Brush Name=Brush36_Brush
		Begin Object Name="BrushComponent0"
		RelativeLocation=(X=1008.000000,Y=-1808.000000,Z=-160.000000)
		End Object
		BrushType=Brush_Subtract
		Begin Brush Name=Model_6
			Begin PolyList
				Begin Polygon Item=Side Texture=/Game/Converted/MP-HalfwayHouse-UT2004/Arms_Tex_arm_woodfloor02_shader_Mat.Arms_Tex_arm_woodfloor02_shader_Mat LightMapScale=64 Link=0
					Origin   -00880.000000,+01808.000000,+00160.000000
					Normal   -00001.000000,+00000.000000,+00000.000000
					TextureU +00000.000000,-00001.000000,+00000.000000
					TextureV +00000.000000,+00000.000000,-00001.000000
					Vertex   -00000.000122,-00000.000122,+00000.000000
					Vertex   -00000.000122,-00000.000122,+00160.000000
					Vertex   -00000.000122,+00015.999878,+00160.000000
					Vertex   -00000.000122,+00015.999878,+00000.000000
				End Polygon
				Begin Polygon Item=Side Texture=/Game/Converted/MP-HalfwayHouse-UT2004/Arms_Tex_arm_brickwall01_Mat.Arms_Tex_arm_brickwall01_Mat LightMapScale=64 Link=1
					Origin   +00079.999878,+00271.999710,-00304.000000
					Normal   +00000.000000,+00001.000000,+00000.000000
					TextureU +00001.000000,+00000.000000,+00000.000000
					TextureV +00000.000000,+00000.000000,-00001.000000
					Vertex   -00000.000122,+00015.999878,+00000.000000
					Vertex   -00000.000122,+00015.999878,+00160.000000
					Vertex   +00159.999878,+00015.999878,+00160.000000
					Vertex   +00159.999878,+00015.999878,+00000.000000
				End Polygon
				Begin Polygon Item=Side Texture=/Game/Converted/MP-HalfwayHouse-UT2004/Arms_Tex_arm_woodfloor02_shader_Mat.Arms_Tex_arm_woodfloor02_shader_Mat LightMapScale=64 Link=2
					Origin   -00880.000000,+01808.000000,+00160.000000
					Normal   +00001.000000,+00000.000000,+00000.000000
					TextureU +00000.000000,+00001.000000,+00000.000000
					TextureV +00000.000000,+00000.000000,-00001.000000
					Vertex   +00159.999878,+00015.999878,+00000.000000
					Vertex   +00159.999878,+00015.999878,+00160.000000
					Vertex   +00159.999878,-00000.000091,+00160.000000
					Vertex   +00159.999878,-00000.000091,+00000.000000
				End Polygon
				Begin Polygon Item=Side Texture=/Game/Converted/MP-HalfwayHouse-UT2004/Arms_Tex_arm_brickwall01_Mat.Arms_Tex_arm_brickwall01_Mat LightMapScale=64 Link=3
					Origin   +00335.999680,+00015.999901,-00304.000000
					Normal   +00000.000000,-00001.000000,+00000.000000
					TextureU -00001.000000,+00000.000000,+00000.000000
					TextureV +00000.000000,+00000.000000,-00001.000000
					Vertex   +00159.999878,-00000.000091,+00000.000000
					Vertex   +00159.999878,-00000.000091,+00160.000000
					Vertex   -00000.000122,-00000.000122,+00160.000000
					Vertex   -00000.000122,-00000.000122,+00000.000000
				End Polygon
				Begin Polygon Item=Side Texture=/Game/Converted/MP-HalfwayHouse-UT2004/Arms_Tex_arm_woodfloor02_shader_Mat.Arms_Tex_arm_woodfloor02_shader_Mat LightMapScale=64 Link=4
					Origin   -00880.000000,+01808.000000,+00160.000000
					Normal   +00000.000000,+00000.000000,+00001.000000
					TextureU +00001.000000,+00000.000000,+00000.000000
					TextureV +00000.000000,-00001.000000,+00000.000000
					Vertex   -00000.000122,+00015.999878,+00160.000000
					Vertex   -00000.000122,-00000.000122,+00160.000000
					Vertex   +00159.999878,-00000.000091,+00160.000000
					Vertex   +00159.999878,+00015.999878,+00160.000000
				End Polygon
				Begin Polygon Item=Side Texture=/Game/Converted/MP-HalfwayHouse-UT2004/Con_Tex_con_carpet01_shader_Mat.Con_Tex_con_carpet01_shader_Mat LightMapScale=64 Link=5
					Origin   -01008.000000,+01808.000000,+00160.000000
					Normal   +00000.000000,+00000.000000,-00001.000000
					TextureU -00002.000000,+00000.000000,+00000.000000
					TextureV +00000.000000,-00002.000000,+00000.000000
					Vertex   -00000.000122,-00000.000122,+00000.000000
					Vertex   -00000.000122,+00015.999878,+00000.000000
					Vertex   +00159.999878,+00015.999878,+00000.000000
					Vertex   +00159.999878,-00000.000091,+00000.000000
				End Polygon
			End PolyList
		End Brush
		Brush=Model'Model_6'
		BrushComponent=BrushComponent0
		ActorLabel="Brush36_Brush"
		Tags(0)="Brush"
	End Actor
	Begin Actor Class=StaticMeshActor Name=StaticMeshActor9_StaticMeshActor
		Begin Object Class=StaticMeshComponent Name="StaticMeshComponent0"
		End Object
		Begin Object Class=StaticMeshComponent Name=StaticMeshComponent0
			StaticMesh=StaticMesh'/Game/Converted/MP-HalfwayHouse-UT2004/Tenement_sm_ten_pew.Tenement_sm_ten_pew'
		RelativeLocation=(X=175.000000,Y=-2216.000000,Z=-160.000000)
		RelativeScale3D=(X=1.000000,Y=1.000000,Z=1.000000)
		End Object
		StaticMeshComponent=StaticMeshComponent0
		RootComponent=StaticMeshComponent0
		ActorLabel="StaticMeshActor9_StaticMeshActor"
		Tags(0)="StaticMeshActor"
	End Actor
	Begin Actor Class=StaticMeshActor Name=StaticMeshActor10_StaticMeshActor
		Begin Object Class=StaticMeshComponent Name="StaticMeshComponent0"
		End Object
		Begin Object Class=StaticMeshComponent Name=StaticMeshComponent0
			StaticMesh=StaticMesh'/Game/Converted/MP-HalfwayHouse-UT2004/Tenement_sm_ten_pew.Tenement_sm_ten_pew'
		RelativeLocation=(X=335.000000,Y=-2216.000000,Z=-160.000000)
		RelativeScale3D=(X=1.000000,Y=1.000000,Z=1.000000)
		End Object
		StaticMeshComponent=StaticMeshComponent0
		RootComponent=StaticMeshComponent0
		ActorLabel="StaticMeshActor10_StaticMeshActor"
		Tags(0)="StaticMeshActor"
	End Actor
	Begin Actor Class=StaticMeshActor Name=StaticMeshActor11_StaticMeshActor
		Begin Object Class=StaticMeshComponent Name="StaticMeshComponent0"
		End Object
		Begin Object Class=StaticMeshComponent Name=StaticMeshComponent0
			StaticMesh=StaticMesh'/Game/Converted/MP-HalfwayHouse-UT2004/Tenement_sm_ten_pew.Tenement_sm_ten_pew'
		RelativeLocation=(X=674.000000,Y=-2216.000000,Z=-160.000000)
		RelativeScale3D=(X=1.000000,Y=1.000000,Z=1.000000)
		End Object
		StaticMeshComponent=StaticMeshComponent0
		RootComponent=StaticMeshComponent0
		ActorLabel="StaticMeshActor11_StaticMeshActor"
		Tags(0)="StaticMeshActor"
	End Actor
	Begin Actor Class=StaticMeshActor Name=StaticMeshActor13_StaticMeshActor
		Begin Object Class=StaticMeshComponent Name="StaticMeshComponent0"
		End Object
		Begin Object Class=StaticMeshComponent Name=StaticMeshComponent0
			StaticMesh=StaticMesh'/Game/Converted/MP-HalfwayHouse-UT2004/Tenement_sm_ten_pew.Tenement_sm_ten_pew'
		RelativeLocation=(X=830.000000,Y=-2088.000000,Z=-160.000000)
		RelativeScale3D=(X=1.000000,Y=1.000000,Z=1.000000)
		End Object
		StaticMeshComponent=StaticMeshComponent0
		RootComponent=StaticMeshComponent0
		ActorLabel="StaticMeshActor13_StaticMeshActor"
		Tags(0)="StaticMeshActor"
	End Actor
	Begin Actor Class=StaticMeshActor Name=StaticMeshActor14_StaticMeshActor
		Begin Object Class=StaticMeshComponent Name="StaticMeshComponent0"
		End Object
		Begin Object Class=StaticMeshComponent Name=StaticMeshComponent0
			StaticMesh=StaticMesh'/Game/Converted/MP-HalfwayHouse-UT2004/Tenement_sm_ten_pew.Tenement_sm_ten_pew'
		RelativeLocation=(X=834.000000,Y=-2216.000000,Z=-160.000000)
		RelativeScale3D=(X=1.000000,Y=1.000000,Z=1.000000)
		End Object
		StaticMeshComponent=StaticMeshComponent0
		RootComponent=StaticMeshComponent0
		ActorLabel="StaticMeshActor14_StaticMeshActor"
		Tags(0)="StaticMeshActor"
	End Actor
	Begin Actor Class=StaticMeshActor Name=StaticMeshActor15_StaticMeshActor
		Begin Object Class=StaticMeshComponent Name="StaticMeshComponent0"
		End Object
		Begin Object Class=StaticMeshComponent Name=StaticMeshComponent0
			StaticMesh=StaticMesh'/Game/Converted/MP-HalfwayHouse-UT2004/Tenement_sm_ten_pew.Tenement_sm_ten_pew'
		RelativeLocation=(X=654.000000,Y=-2344.000000,Z=-160.000000)
		RelativeScale3D=(X=1.000000,Y=1.000000,Z=1.000000)
		End Object
		StaticMeshComponent=StaticMeshComponent0
		RootComponent=StaticMeshComponent0
		ActorLabel="StaticMeshActor15_StaticMeshActor"
		Tags(0)="StaticMeshActor"
	End Actor
	Begin Actor Class=StaticMeshActor Name=StaticMeshActor18_StaticMeshActor
		Begin Object Class=StaticMeshComponent Name="StaticMeshComponent0"
		End Object
		Begin Object Class=StaticMeshComponent Name=StaticMeshComponent0
