Begin Map
	Begin Level Name=/Game/RestrictedAssets/Maps/WIP/epilogue-UT2004/epilogue-UT2004
	Begin Actor Class=Brush Name=BigAdditiveBrush
		Begin Object Name="BrushComponent0"
			RelativeLocation=(X=-6081.000000,Y=-14213.050782,Z=-16112.000000)
		End Object
		BrushType=Brush_Add
		Begin Brush Name=Model_6
			Begin PolyList
				Begin Polygon Item=Side LightMapScale=2048.0 Link=0
					Origin   +00000.000000,+00000.000000,+00000.000000
					Normal   -00001.000000,+00000.000000,+00000.000000
					TextureU +00000.000000,+00001.000000,+00000.000000
					TextureV +00000.000000,+00000.000000,-00001.000000
					Vertex   -72997.000000,-62953.050782,-231284.000000
					Vertex   -72997.000000,-62953.050782,+231284.000000
					Vertex   -72997.000000,+62953.050782,+231284.000000
					Vertex   -72997.000000,+62953.050782,-231284.000000
				End Polygon
				Begin Polygon Item=Side LightMapScale=2048.0 Link=1
					Origin   +00000.000000,+00000.000000,+00000.000000
					Normal   +00000.000000,+00001.000000,+00000.000000
					TextureU +00001.000000,+00000.000000,+00000.000000
					TextureV +00000.000000,+00000.000000,-00001.000000
					Vertex   -72997.000000,+62953.050782,-231284.000000
					Vertex   -72997.000000,+62953.050782,+231284.000000
					Vertex   +72997.000000,+62953.050782,+231284.000000
					Vertex   +72997.000000,+62953.050782,-231284.000000
				End Polygon
				Begin Polygon Item=Side LightMapScale=2048.0 Link=2
					Origin   +00000.000000,+00000.000000,+00000.000000
					Normal   +00001.000000,+00000.000000,+00000.000000
					TextureU +00000.000000,-00001.000000,+00000.000000
					TextureV +00000.000000,+00000.000000,-00001.000000
					Vertex   +72997.000000,+62953.050782,-231284.000000
					Vertex   +72997.000000,+62953.050782,+231284.000000
					Vertex   +72997.000000,-62953.050782,+231284.000000
					Vertex   +72997.000000,-62953.050782,-231284.000000
				End Polygon
				Begin Polygon Item=Side LightMapScale=2048.0 Link=3
					Origin   +00000.000000,+00000.000000,+00000.000000
					Normal   +00000.000000,-00001.000000,+00000.000000
					TextureU -00001.000000,+00000.000000,+00000.000000
					TextureV +00000.000000,+00000.000000,-00001.000000
					Vertex   +72997.000000,-62953.050782,-231284.000000
					Vertex   +72997.000000,-62953.050782,+231284.000000
					Vertex   -72997.000000,-62953.050782,+231284.000000
					Vertex   -72997.000000,-62953.050782,-231284.000000
				End Polygon
				Begin Polygon Item=Side LightMapScale=2048.0 Link=4
					Origin   +00000.000000,+00000.000000,+00000.000000
					Normal   +00000.000000,+00000.000000,+00001.000000
					TextureU +00001.000000,+00000.000000,+00000.000000
					TextureV +00000.000000,+00001.000000,+00000.000000
					Vertex   -72997.000000,+62953.050782,+231284.000000
					Vertex   -72997.000000,-62953.050782,+231284.000000
					Vertex   +72997.000000,-62953.050782,+231284.000000
					Vertex   +72997.000000,+62953.050782,+231284.000000
				End Polygon
				Begin Polygon Item=Side LightMapScale=2048.0 Link=5
					Origin   +00000.000000,+00000.000000,+00000.000000
					Normal   +00000.000000,+00000.000000,-00001.000000
					TextureU +00001.000000,+00000.000000,+00000.000000
					TextureV +00000.000000,-00001.000000,+00000.000000
					Vertex   -72997.000000,-62953.050782,-231284.000000
					Vertex   -72997.000000,+62953.050782,-231284.000000
					Vertex   +72997.000000,+62953.050782,-231284.000000
					Vertex   +72997.000000,-62953.050782,-231284.000000
				End Polygon
			End PolyList
		End Brush
		Brush=Model'Model_6'
		BrushComponent=BrushComponent0
		ActorLabel="BigAdditiveBrush"
	End Actor
	Begin Actor Class=Note Name=LevelInfo7_Note
		Begin Object Class=SceneComponent Name="SceneComp"
		End Object
		Begin Object Name="SceneComp"
			RelativeLocation=(X=0.000000,Y=0.000000,Z=0.000000)
		End Object
		Text=""
		RootComponent=SceneComp
		SpriteScale=4.0
		ActorLabel="LevelInfo7_Note"
	End Actor
	Begin Actor Class=Brush Name=Brush8_Brush
		Begin Object Name="BrushComponent0"
			RelativeLocation=(X=26752.000000,Y=24832.000000,Z=129408.000000)
		End Object
		BrushType=Brush_Add
		Begin Brush Name=Model_6
			Begin PolyList
				Begin Polygon Item=Side LightMapScale=128.0 Link=0
					Origin   -00128.000000,-00128.000000,-00128.000000
					Normal   -00001.000000,+00000.000000,+00000.000000
					TextureU +00000.000000,+00001.000000,+00000.000000
					TextureV +00000.000000,+00000.000000,-00001.000000
					Vertex   -00128.000000,-49280.000000,-00128.000000
					Vertex   -00128.000000,-49280.000000,+00128.000000
					Vertex   -00128.000000,-00384.000000,+00128.000000
					Vertex   -00128.000000,-00384.000000,-00128.000000
				End Polygon
				Begin Polygon Item=Side LightMapScale=128.0 Link=1
					Origin   -00128.000000,+00128.000000,-00128.000000
					Normal   +00000.000000,+00001.000000,+00000.000000
					TextureU +00001.000000,+00000.000000,+00000.000000
					TextureV +00000.000000,+00000.000000,-00001.000000
					Vertex   -00128.000000,-00384.000000,-00128.000000
					Vertex   -00128.000000,-00384.000000,+00128.000000
					Vertex   +40064.000000,-00384.000000,+00128.000000
					Vertex   +40064.000000,-00384.000000,-00128.000000
				End Polygon
				Begin Polygon Item=Side LightMapScale=128.0 Link=2
					Origin   +00128.000000,+00128.000000,-00128.000000
					Normal   +00001.000000,+00000.000000,+00000.000000
					TextureU +00000.000000,-00001.000000,+00000.000000
					TextureV +00000.000000,+00000.000000,-00001.000000
					Vertex   +40064.000000,-00384.000000,-00128.000000
					Vertex   +40064.000000,-00384.000000,+00128.000000
					Vertex   +40064.000000,-49280.000000,+00128.000000
					Vertex   +40064.000000,-49280.000000,-00128.000000
				End Polygon
				Begin Polygon Item=Side LightMapScale=128.0 Link=3
					Origin   +00128.000000,-00128.000000,-00128.000000
					Normal   +00000.000000,-00001.000000,+00000.000000
					TextureU -00001.000000,+00000.000000,+00000.000000
					TextureV +00000.000000,+00000.000000,-00001.000000
					Vertex   +40064.000000,-49280.000000,-00128.000000
					Vertex   +40064.000000,-49280.000000,+00128.000000
					Vertex   -00128.000000,-49280.000000,+00128.000000
					Vertex   -00128.000000,-49280.000000,-00128.000000
				End Polygon
				Begin Polygon Item=Side LightMapScale=128.0 Link=4
					Origin   -00128.000000,+00128.000000,+00128.000000
					Normal   +00000.000000,+00000.000000,+00001.000000
					TextureU +00001.000000,+00000.000000,+00000.000000
					TextureV +00000.000000,+00001.000000,+00000.000000
					Vertex   -00128.000000,-00384.000000,+00128.000000
					Vertex   -00128.000000,-49280.000000,+00128.000000
					Vertex   +40064.000000,-49280.000000,+00128.000000
					Vertex   +40064.000000,-00384.000000,+00128.000000
				End Polygon
				Begin Polygon Item=Side LightMapScale=128.0 Link=5
					Origin   -00128.000000,-00128.000000,-00128.000000
					Normal   +00000.000000,+00000.000000,-00001.000000
					TextureU +00001.000000,+00000.000000,+00000.000000
					TextureV +00000.000000,-00001.000000,+00000.000000
					Vertex   -00128.000000,-49280.000000,-00128.000000
					Vertex   -00128.000000,-00384.000000,-00128.000000
					Vertex   +40064.000000,-00384.000000,-00128.000000
					Vertex   +40064.000000,-49280.000000,-00128.000000
				End Polygon
			End PolyList
		End Brush
		Brush=Model'Model_6'
		BrushComponent=BrushComponent0
		ActorLabel="Brush8_Brush"
		Tags(0)="Brush"
	End Actor
	Begin Actor Class=Brush Name=Brush37_Brush
		Begin Object Name="BrushComponent0"
			RelativeLocation=(X=36752.000000,Y=-28112.000000,Z=215072.000000)
		End Object
		BrushType=Brush_Subtract
		Begin Brush Name=Model_6
			Begin PolyList
				Begin Polygon Item=Side Texture=/Game/RestrictedAssets/Maps/WIP/epilogue-UT2004/BriefingTextures_Geo_DaySky01_Back01_Mat.BriefingTextures_Geo_DaySky01_Back01_Mat LightMapScale=128.0 Link=0
					Origin   -131072.000000,-131072.000000,-131072.000000
					Normal   -00001.000000,+00000.000000,+00000.000000
					TextureU +00000.000000,+00001.000000,+00000.000000
					TextureV +00000.000000,+00000.000000,-00001.000000
					Vertex   -70144.000000,+02048.000000,-247296.000000
					Vertex   -70144.000000,+02048.000000,+00000.000000
					Vertex   -70144.000000,+48640.000000,+00000.000000
					Vertex   -70144.000000,+48640.000000,-247296.000000
				End Polygon
				Begin Polygon Item=Side Texture=/Game/RestrictedAssets/Maps/WIP/epilogue-UT2004/BriefingTextures_Geo_DaySky01_Back01_Mat.BriefingTextures_Geo_DaySky01_Back01_Mat LightMapScale=128.0 Link=1
					Origin   -131072.000000,+131072.000000,-131072.000000
					Normal   +00000.000000,+00001.000000,+00000.000000
					TextureU +00001.000000,+00000.000000,+00000.000000
					TextureV +00000.000000,+00000.000000,-00001.000000
					Vertex   -70144.000000,+48640.000000,-247296.000000
					Vertex   -70144.000000,+48640.000000,+00000.000000
					Vertex   -32256.000000,+48640.000000,+00000.000000
					Vertex   -32256.000000,+48640.000000,-247296.000000
				End Polygon
				Begin Polygon Item=Side Texture=/Game/RestrictedAssets/Maps/WIP/epilogue-UT2004/BriefingTextures_Geo_DaySky01_Back01_Mat.BriefingTextures_Geo_DaySky01_Back01_Mat LightMapScale=128.0 Link=2
					Origin   +131072.000000,+131072.000000,-131072.000000
					Normal   +00001.000000,+00000.000000,+00000.000000
					TextureU +00000.000000,-00001.000000,+00000.000000
					TextureV +00000.000000,+00000.000000,-00001.000000
					Vertex   -32256.000000,+48640.000000,-247296.000000
					Vertex   -32256.000000,+48640.000000,+00000.000000
					Vertex   -32256.000000,+02048.000000,+00000.000000
					Vertex   -32256.000000,+02048.000000,-247296.000000
				End Polygon
				Begin Polygon Item=Side Texture=/Game/RestrictedAssets/Maps/WIP/epilogue-UT2004/BriefingTextures_Geo_DaySky01_Back01_Mat.BriefingTextures_Geo_DaySky01_Back01_Mat LightMapScale=128.0 Link=3
					Origin   +131072.000000,-131072.000000,-131072.000000
					Normal   +00000.000000,-00001.000000,+00000.000000
					TextureU -00001.000000,+00000.000000,+00000.000000
					TextureV +00000.000000,+00000.000000,-00001.000000
					Vertex   -32256.000000,+02048.000000,-247296.000000
					Vertex   -32256.000000,+02048.000000,+00000.000000
					Vertex   -70144.000000,+02048.000000,+00000.000000
					Vertex   -70144.000000,+02048.000000,-247296.000000
				End Polygon
				Begin Polygon Item=Side Texture=/Game/RestrictedAssets/Maps/WIP/epilogue-UT2004/BriefingTextures_Geo_DaySky01_Back01_Mat.BriefingTextures_Geo_DaySky01_Back01_Mat LightMapScale=128.0 Link=4
					Origin   -131072.000000,+131072.000000,+131072.000000
					Normal   +00000.000000,+00000.000000,+00001.000000
					TextureU +00001.000000,+00000.000000,+00000.000000
					TextureV +00000.000000,+00001.000000,+00000.000000
					Vertex   -70144.000000,+48640.000000,+00000.000000
					Vertex   -70144.000000,+02048.000000,+00000.000000
					Vertex   -32256.000000,+02048.000000,+00000.000000
					Vertex   -32256.000000,+48640.000000,+00000.000000
				End Polygon
				Begin Polygon Item=Side Texture=/Game/RestrictedAssets/Maps/WIP/epilogue-UT2004/BriefingTextures_Geo_DaySky01_Back01_Mat.BriefingTextures_Geo_DaySky01_Back01_Mat LightMapScale=128.0 Link=5
					Origin   -131072.000000,-131072.000000,-131072.000000
					Normal   +00000.000000,+00000.000000,-00001.000000
					TextureU +00001.000000,+00000.000000,+00000.000000
					TextureV +00000.000000,-00001.000000,+00000.000000
					Vertex   -70144.000000,+02048.000000,-247296.000000
					Vertex   -70144.000000,+48640.000000,-247296.000000
					Vertex   -32256.000000,+48640.000000,-247296.000000
					Vertex   -32256.000000,+02048.000000,-247296.000000
				End Polygon
			End PolyList
		End Brush
		Brush=Model'Model_6'
		BrushComponent=BrushComponent0
		ActorLabel="Brush37_Brush"
		Tags(0)="Brush"
	End Actor
	Begin Actor Class=Brush Name=Brush16_Brush
		Begin Object Name="BrushComponent0"
			RelativeLocation=(X=2864.220000,Y=701.766000,Z=111192.000000)
		End Object
		BrushType=Brush_Add
		Begin Brush Name=Model_6
			Begin PolyList
				Begin Polygon Item=Side Texture=/Game/RestrictedAssets/Maps/WIP/epilogue-UT2004/UpperKashyyyk_Textures_K5Bridge_BridgeCopper_M_Mat.UpperKashyyyk_Textures_K5Bridge_BridgeCopper_M_Mat LightMapScale=128.0 Link=0
					Origin   -00512.000000,-00512.000000,-00016.000000
					Normal   -00001.000000,+00000.000000,+00000.000000
					TextureU +00000.000000,+00001.000000,+00000.000000
					TextureV +00000.000000,+00000.000000,-00001.000000
					Vertex   -00512.000000,-00512.000000,-00016.000000
					Vertex   -00512.000000,-00512.000000,+00016.000000
					Vertex   -00512.000000,+00512.000000,+00016.000000
					Vertex   -00512.000000,+00512.000000,-00016.000000
				End Polygon
				Begin Polygon Item=Side Texture=/Game/RestrictedAssets/Maps/WIP/epilogue-UT2004/UpperKashyyyk_Textures_K5Bridge_BridgeCopper_M_Mat.UpperKashyyyk_Textures_K5Bridge_BridgeCopper_M_Mat LightMapScale=128.0 Link=1
					Origin   -00512.000000,+00512.000000,-00016.000000
					Normal   +00000.000000,+00001.000000,+00000.000000
					TextureU +00001.000000,+00000.000000,+00000.000000
					TextureV +00000.000000,+00000.000000,-00001.000000
					Vertex   -00512.000000,+00512.000000,-00016.000000
					Vertex   -00512.000000,+00512.000000,+00016.000000
					Vertex   +00512.000000,+00512.000000,+00016.000000
					Vertex   +00512.000000,+00512.000000,-00016.000000
				End Polygon
				Begin Polygon Item=Side Texture=/Game/RestrictedAssets/Maps/WIP/epilogue-UT2004/UpperKashyyyk_Textures_K5Bridge_BridgeCopper_M_Mat.UpperKashyyyk_Textures_K5Bridge_BridgeCopper_M_Mat LightMapScale=128.0 Link=2
					Origin   +00512.000000,+00512.000000,-00016.000000
					Normal   +00001.000000,+00000.000000,+00000.000000
					TextureU +00000.000000,-00001.000000,+00000.000000
					TextureV +00000.000000,+00000.000000,-00001.000000
					Vertex   +00512.000000,+00512.000000,-00016.000000
					Vertex   +00512.000000,+00512.000000,+00016.000000
					Vertex   +00512.000000,-00512.000000,+00016.000000
					Vertex   +00512.000000,-00512.000000,-00016.000000
				End Polygon
				Begin Polygon Item=Side Texture=/Game/RestrictedAssets/Maps/WIP/epilogue-UT2004/UpperKashyyyk_Textures_K5Bridge_BridgeCopper_M_Mat.UpperKashyyyk_Textures_K5Bridge_BridgeCopper_M_Mat LightMapScale=128.0 Link=3
					Origin   +00512.000000,-00512.000000,-00016.000000
					Normal   +00000.000000,-00001.000000,+00000.000000
					TextureU -00001.000000,+00000.000000,+00000.000000
					TextureV +00000.000000,+00000.000000,-00001.000000
					Vertex   +00512.000000,-00512.000000,-00016.000000
					Vertex   +00512.000000,-00512.000000,+00016.000000
					Vertex   -00512.000000,-00512.000000,+00016.000000
					Vertex   -00512.000000,-00512.000000,-00016.000000
				End Polygon
				Begin Polygon Item=Side Texture=/Game/RestrictedAssets/Maps/WIP/epilogue-UT2004/UpperKashyyyk_Textures_K5Bridge_BridgeCopper_M_Mat.UpperKashyyyk_Textures_K5Bridge_BridgeCopper_M_Mat LightMapScale=128.0 Link=4
					Origin   -00512.000000,+00512.000000,+00016.000000
					Normal   +00000.000000,+00000.000000,+00001.000000
					TextureU +00001.000000,+00000.000000,+00000.000000
					TextureV +00000.000000,+00001.000000,+00000.000000
					Vertex   -00512.000000,+00512.000000,+00016.000000
					Vertex   -00512.000000,-00512.000000,+00016.000000
					Vertex   +00512.000000,-00512.000000,+00016.000000
					Vertex   +00512.000000,+00512.000000,+00016.000000
				End Polygon
				Begin Polygon Item=Side Texture=/Game/RestrictedAssets/Maps/WIP/epilogue-UT2004/UpperKashyyyk_Textures_K5Bridge_BridgeCopper_M_Mat.UpperKashyyyk_Textures_K5Bridge_BridgeCopper_M_Mat LightMapScale=128.0 Link=5
					Origin   -00512.000000,-00512.000000,-00016.000000
					Normal   +00000.000000,+00000.000000,-00001.000000
					TextureU +00001.000000,+00000.000000,+00000.000000
					TextureV +00000.000000,-00001.000000,+00000.000000
					Vertex   -00512.000000,-00512.000000,-00016.000000
					Vertex   -00512.000000,+00512.000000,-00016.000000
					Vertex   +00512.000000,+00512.000000,-00016.000000
					Vertex   +00512.000000,-00512.000000,-00016.000000
				End Polygon
			End PolyList
		End Brush
		Brush=Model'Model_6'
		BrushComponent=BrushComponent0
		ActorLabel="Brush16_Brush"
		Tags(0)="Brush"
	End Actor
	Begin Actor Class=Note Name=ScriptedSequence1_AdvisorHoloController
		Begin Object Class=SceneComponent Name="SceneComp"
		End Object
		Begin Object Name="SceneComp"
			RelativeLocation=(X=2404.230000,Y=904.223000,Z=111258.000000)
			RelativeRotation=(Pitch=0.000000,Yaw=-0.263672,Roll=0.000000)
		End Object
		Text="Unconverted: ScriptedSequence"
		RootComponent=SceneComp
		ActorLabel="ScriptedSequence1_AdvisorHoloController"
		Tags(0)="AdvisorHoloController"
	End Actor
	Begin Actor Class=Note Name=ScriptedSequence2_Delta40AIScript
		Begin Object Class=SceneComponent Name="SceneComp"
		End Object
		Begin Object Name="SceneComp"
			RelativeLocation=(X=3052.470000,Y=902.703000,Z=111372.000000)
		End Object
		Text="Unconverted: ScriptedSequence"
		RootComponent=SceneComp
		ActorLabel="ScriptedSequence2_Delta40AIScript"
		Tags(0)="Delta40AIScript"
	End Actor
	Begin Actor Class=Note Name=LookTarget0_AdvisorView
		Begin Object Class=SceneComponent Name="SceneComp"
		End Object
		Begin Object Name="SceneComp"
			RelativeLocation=(X=2812.090000,Y=817.594000,Z=111336.000000)
		End Object
		Text="Unconverted: LookTarget"
		RootComponent=SceneComp
		ActorLabel="LookTarget0_AdvisorView"
		Tags(0)="AdvisorView"
	End Actor
	Begin Actor Class=Note Name=ScriptedSequence5_Delta62AIScript
		Begin Object Class=SceneComponent Name="SceneComp"
		End Object
		Begin Object Name="SceneComp"
			RelativeLocation=(X=2703.380000,Y=901.813000,Z=111334.000000)
		End Object
		Text="Unconverted: ScriptedSequence"
		RootComponent=SceneComp
		ActorLabel="ScriptedSequence5_Delta62AIScript"
		Tags(0)="Delta62AIScript"
	End Actor
	Begin Actor Class=Note Name=Dispatcher1_StartBriefing
		Begin Object Class=SceneComponent Name="SceneComp"
		End Object
		Begin Object Name="SceneComp"
			RelativeLocation=(X=2581.090000,Y=1422.140000,Z=111177.000000)
		End Object
		Text="Unconverted: Dispatcher"
		RootComponent=SceneComp
		ActorLabel="Dispatcher1_StartBriefing"
		Tags(0)="StartBriefing"
	End Actor
	Begin Actor Class=TriggerVolume Name=ScriptedTrigger13_GotoNextLevel
		Begin Object Name="BrushComponent0"
			RelativeLocation=(X=2603.530000,Y=1544.300000,Z=111167.000000)
		End Object
		BrushType=Brush_Add
		Begin Brush Name=Model_6
			Begin PolyList
				Begin Polygon Item=Side Link=0
					Origin   +00016.563876,+00040.249538,-00019.496905
					Normal   +00000.999193,-00000.017149,-00000.036328
					TextureU -00000.018140,-00000.999468,-00000.027111
					TextureV -00000.035844,+00000.027748,-00000.998972
					Vertex   +00016.563876,+00040.249538,-00019.496905
					Vertex   +00017.997632,+00039.139612,+00020.461979
					Vertex   +00040.985136,+00015.318793,+00018.975506
					Vertex   +00039.551380,+00016.428718,-00020.983378
				End Polygon
				Begin Polygon Item=Side Link=1
					Origin   +00039.551380,+00016.428718,-00020.983378
					Normal   +00000.999193,-00000.017149,-00000.036328
					TextureU -00000.018140,-00000.999468,-00000.027111
					TextureV -00000.035844,+00000.027748,-00000.998972
					Vertex   +00039.551380,+00016.428718,-00020.983378
					Vertex   +00040.985136,+00015.318793,+00018.975506
					Vertex   +00040.384041,-00017.800658,+00018.077124
					Vertex   +00038.950285,-00016.690732,-00021.881760
				End Polygon
				Begin Polygon Item=Side Link=2
					Origin   +00038.950285,-00016.690732,-00021.881760
					Normal   +00000.999193,-00000.017149,-00000.036328
					TextureU -00000.018140,-00000.999468,-00000.027111
					TextureV -00000.035844,+00000.027748,-00000.998972
					Vertex   +00038.950285,-00016.690732,-00021.881760
					Vertex   +00040.384041,-00017.800658,+00018.077124
					Vertex   +00016.546460,-00040.817814,+00018.293095
					Vertex   +00015.112703,-00039.707888,-00021.665789
				End Polygon
				Begin Polygon Item=Side Link=3
					Origin   +00015.112703,-00039.707888,-00021.665789
					Normal   +00000.999193,-00000.017149,-00000.036328
					TextureU -00000.018140,-00000.999468,-00000.027111
					TextureV -00000.035844,+00000.027748,-00000.998972
					Vertex   +00015.112703,-00039.707888,-00021.665789
					Vertex   +00016.546460,-00040.817814,+00018.293095
					Vertex   -00016.563876,-00040.249538,+00019.496905
					Vertex   -00017.997632,-00039.139612,-00020.461979
				End Polygon
				Begin Polygon Item=Side Link=4
					Origin   -00017.997632,-00039.139612,-00020.461979
					Normal   +00000.999193,-00000.017149,-00000.036328
					TextureU -00000.018140,-00000.999468,-00000.027111
					TextureV -00000.035844,+00000.027748,-00000.998972
					Vertex   -00017.997632,-00039.139612,-00020.461979
					Vertex   -00016.563876,-00040.249538,+00019.496905
					Vertex   -00039.551380,-00016.428718,+00020.983378
					Vertex   -00040.985136,-00015.318793,-00018.975506
				End Polygon
				Begin Polygon Item=Side Link=5
					Origin   -00040.985136,-00015.318793,-00018.975506
					Normal   +00000.999193,-00000.017149,-00000.036328
					TextureU -00000.018140,-00000.999468,-00000.027111
					TextureV -00000.035844,+00000.027748,-00000.998972
					Vertex   -00040.985136,-00015.318793,-00018.975506
					Vertex   -00039.551380,-00016.428718,+00020.983378
					Vertex   -00038.950285,+00016.690732,+00021.881760
					Vertex   -00040.384041,+00017.800658,-00018.077124
				End Polygon
				Begin Polygon Item=Side Link=6
					Origin   -00040.384041,+00017.800658,-00018.077124
					Normal   +00000.999193,-00000.017149,-00000.036328
					TextureU -00000.018140,-00000.999468,-00000.027111
					TextureV -00000.035844,+00000.027748,-00000.998972
					Vertex   -00040.384041,+00017.800658,-00018.077124
					Vertex   -00038.950285,+00016.690732,+00021.881760
					Vertex   -00015.112703,+00039.707888,+00021.665789
					Vertex   -00016.546460,+00040.817814,-00018.293095
				End Polygon
				Begin Polygon Item=Side Link=7
					Origin   -00016.546460,+00040.817814,-00018.293095
					Normal   +00000.999193,-00000.017149,-00000.036328
					TextureU -00000.018140,-00000.999468,-00000.027111
					TextureV -00000.035844,+00000.027748,-00000.998972
					Vertex   -00016.546460,+00040.817814,-00018.293095
					Vertex   -00015.112703,+00039.707888,+00021.665789
					Vertex   +00017.997632,+00039.139612,+00020.461979
					Vertex   +00016.563876,+00040.249538,-00019.496905
				End Polygon
				Begin Polygon Item=Side Link=8
					Origin   -00015.112703,+00039.707888,+00021.665789
					Normal   +00000.999193,-00000.017149,-00000.036328
					TextureU -00000.018140,-00000.999468,-00000.027111
					TextureV -00000.035844,+00000.027748,-00000.998972
					Vertex   -00015.112703,+00039.707888,+00021.665789
					Vertex   -00038.950285,+00016.690732,+00021.881760
					Vertex   -00039.551380,-00016.428718,+00020.983378
					Vertex   -00016.563876,-00040.249538,+00019.496905
					Vertex   +00016.546460,-00040.817814,+00018.293095
					Vertex   +00040.384041,-00017.800658,+00018.077124
					Vertex   +00040.985136,+00015.318793,+00018.975506
					Vertex   +00017.997632,+00039.139612,+00020.461979
				End Polygon
				Begin Polygon Item=Side Link=9
					Origin   +00016.563876,+00040.249538,-00019.496905
					Normal   +00000.999193,-00000.017149,-00000.036328
					TextureU -00000.018140,-00000.999468,-00000.027111
					TextureV -00000.035844,+00000.027748,-00000.998972
					Vertex   +00016.563876,+00040.249538,-00019.496905
					Vertex   +00039.551380,+00016.428718,-00020.983378
					Vertex   +00038.950285,-00016.690732,-00021.881760
					Vertex   +00015.112703,-00039.707888,-00021.665789
					Vertex   -00017.997632,-00039.139612,-00020.461979
					Vertex   -00040.985136,-00015.318793,-00018.975506
					Vertex   -00040.384041,+00017.800658,-00018.077124
					Vertex   -00016.546460,+00040.817814,-00018.293095
				End Polygon
			End PolyList
		End Brush
		Brush=Model'Model_6'
		BrushComponent=BrushComponent0
		ActorLabel="ScriptedTrigger13_GotoNextLevel"
		Tags(0)="GotoNextLevel"
	End Actor
	Begin Actor Class=Note Name=ScriptedSequence4_BriefingGunshipAIScript
		Begin Object Class=SceneComponent Name="SceneComp"
		End Object
		Begin Object Name="SceneComp"
			RelativeLocation=(X=3303.170000,Y=1011.810000,Z=111442.000000)
			RelativeRotation=(Pitch=0.000000,Yaw=0.000000,Roll=-20.956421)
		End Object
		Text="Unconverted: ScriptedSequence"
		RootComponent=SceneComp
		ActorLabel="ScriptedSequence4_BriefingGunshipAIScript"
		Tags(0)="BriefingGunshipAIScript"
	End Actor
	Begin Actor Class=Note Name=Commando40Delta1_Commando40Delta
		Begin Object Class=SceneComponent Name="SceneComp"
		End Object
		Begin Object Name="SceneComp"
			RelativeLocation=(X=3053.580000,Y=1027.880000,Z=111292.000000)
		End Object
		Text="Unconverted: Commando40Delta"
		RootComponent=SceneComp
		ActorLabel="Commando40Delta1_Commando40Delta"
		Tags(0)="Commando40Delta"
	End Actor
	Begin Actor Class=Note Name=Commando62Delta1_Commando62Delta
		Begin Object Class=SceneComponent Name="SceneComp"
		End Object
		Begin Object Name="SceneComp"
			RelativeLocation=(X=2695.690000,Y=1041.130000,Z=111292.000000)
		End Object
		Text="Unconverted: Commando62Delta"
		RootComponent=SceneComp
		ActorLabel="Commando62Delta1_Commando62Delta"
		Tags(0)="Commando62Delta"
	End Actor
	Begin Actor Class=Note Name=CloneAdvisor1_CloneAdvisor
		Begin Object Class=SceneComponent Name="SceneComp"
		End Object
		Begin Object Name="SceneComp"
			RelativeLocation=(X=2478.340000,Y=1061.160000,Z=111292.000000)
			RelativeScale3D=(X=0.500000,Y=0.500000,Z=0.500000)
		End Object
		Text="Unconverted: CloneAdvisor"
		RootComponent=SceneComp
		ActorLabel="CloneAdvisor1_CloneAdvisor"
		Tags(0)="CloneAdvisor"
	End Actor
	Begin Actor Class=Generic_Lift_C Name=Mover2_GunshipAttachMover_Lift
		Mesh Scale=(X=0.100000,Y=0.100000,Z=0.100000)
		Begin Object Name="Scene1"
			RelativeLocation=(X=69.848000,Y=33.203700,Z=-90.014000)
		End Object
		Scene1=Scene
		RootComponent=Scene1
		Lift Time=3.0
		KeyPos(1)=(X=-76.0,Y=0.0,Z=1992.0)
		Lift Destination=(X=-76.000000,Y=0.000000,Z=1992.000000)
		OpenStartSound=None
		OpenStopSound=None
		CloseStartSound=None
		CloseStopSound=None
		MoveLoopSound=None
		Wait at top time=4.0
		NumKeys=2
		Lift Mesh=StaticMesh'/Game/RestrictedAssets/Maps/WIP/epilogue-UT2004/GlobalProps_DefaultProp_DefaultPropA.GlobalProps_DefaultProp_DefaultPropA'
		ActorLabel="Mover2_GunshipAttachMover"
		Tags(0)="GunshipAttachMover"
	End Actor
	Begin Actor Class=Note Name=BriefingGunship0_BriefingGunship
		Begin Object Class=SceneComponent Name="SceneComp"
		End Object
		Begin Object Name="SceneComp"
			RelativeLocation=(X=32.000000,Y=32.000000,Z=32.000000)
			RelativeRotation=(Pitch=0.000000,Yaw=0.000000,Roll=0.000000)
		End Object
		Text="Unconverted: BriefingGunship"
		RootComponent=SceneComp
		ActorLabel="BriefingGunship0_BriefingGunship"
		Tags(0)="BriefingGunship"
	End Actor
	Begin Actor Class=TriggerVolume Name=ScriptedTrigger16_BriefingSetup
		Begin Object Name="BrushComponent0"
			RelativeLocation=(X=2602.140000,Y=1829.730000,Z=111172.000000)
		End Object
		BrushType=Brush_Add
		Begin Brush Name=Model_6
			Begin PolyList
				Begin Polygon Item=Side Link=0
					Origin   +00028.200909,+00032.851565,-00020.000000
					Normal   +00000.950277,-00000.311405,+00000.000000
					TextureU -00000.311405,-00000.950277,+00000.000000
					TextureV +00000.000000,+00000.000000,-00001.000000
					Vertex   +00028.200909,+00032.851565,-00020.000000
					Vertex   +00028.200909,+00032.851565,+00020.000000
					Vertex   +00043.170618,+00003.288511,+00020.000000
					Vertex   +00043.170618,+00003.288511,-00020.000000
				End Polygon
				Begin Polygon Item=Side Link=1
					Origin   +00043.170618,+00003.288511,-00020.000000
					Normal   +00000.950277,-00000.311405,+00000.000000
					TextureU -00000.311405,-00000.950277,+00000.000000
					TextureV +00000.000000,+00000.000000,-00001.000000
					Vertex   +00043.170618,+00003.288511,-00020.000000
					Vertex   +00043.170618,+00003.288511,+00020.000000
					Vertex   +00032.851565,-00028.200909,+00020.000000
					Vertex   +00032.851565,-00028.200909,-00020.000000
				End Polygon
				Begin Polygon Item=Side Link=2
					Origin   +00032.851565,-00028.200909,-00020.000000
					Normal   +00000.950277,-00000.311405,+00000.000000
					TextureU -00000.311405,-00000.950277,+00000.000000
					TextureV +00000.000000,+00000.000000,-00001.000000
					Vertex   +00032.851565,-00028.200909,-00020.000000
					Vertex   +00032.851565,-00028.200909,+00020.000000
					Vertex   +00003.288511,-00043.170618,+00020.000000
					Vertex   +00003.288511,-00043.170618,-00020.000000
				End Polygon
				Begin Polygon Item=Side Link=3
					Origin   +00003.288511,-00043.170618,-00020.000000
					Normal   +00000.950277,-00000.311405,+00000.000000
					TextureU -00000.311405,-00000.950277,+00000.000000
					TextureV +00000.000000,+00000.000000,-00001.000000
					Vertex   +00003.288511,-00043.170618,-00020.000000
					Vertex   +00003.288511,-00043.170618,+00020.000000
					Vertex   -00028.200909,-00032.851565,+00020.000000
					Vertex   -00028.200909,-00032.851565,-00020.000000
				End Polygon
				Begin Polygon Item=Side Link=4
					Origin   -00028.200909,-00032.851565,-00020.000000
					Normal   +00000.950277,-00000.311405,+00000.000000
					TextureU -00000.311405,-00000.950277,+00000.000000
					TextureV +00000.000000,+00000.000000,-00001.000000
					Vertex   -00028.200909,-00032.851565,-00020.000000
					Vertex   -00028.200909,-00032.851565,+00020.000000
					Vertex   -00043.170618,-00003.288511,+00020.000000
					Vertex   -00043.170618,-00003.288511,-00020.000000
				End Polygon
				Begin Polygon Item=Side Link=5
					Origin   -00043.170618,-00003.288511,-00020.000000
					Normal   +00000.950277,-00000.311405,+00000.000000
					TextureU -00000.311405,-00000.950277,+00000.000000
					TextureV +00000.000000,+00000.000000,-00001.000000
					Vertex   -00043.170618,-00003.288511,-00020.000000
					Vertex   -00043.170618,-00003.288511,+00020.000000
					Vertex   -00032.851565,+00028.200909,+00020.000000
					Vertex   -00032.851565,+00028.200909,-00020.000000
				End Polygon
				Begin Polygon Item=Side Link=6
					Origin   -00032.851565,+00028.200909,-00020.000000
					Normal   +00000.950277,-00000.311405,+00000.000000
					TextureU -00000.311405,-00000.950277,+00000.000000
					TextureV +00000.000000,+00000.000000,-00001.000000
					Vertex   -00032.851565,+00028.200909,-00020.000000
					Vertex   -00032.851565,+00028.200909,+00020.000000
					Vertex   -00003.288511,+00043.170618,+00020.000000
					Vertex   -00003.288511,+00043.170618,-00020.000000
				End Polygon
				Begin Polygon Item=Side Link=7
					Origin   -00003.288511,+00043.170618,-00020.000000
					Normal   +00000.950277,-00000.311405,+00000.000000
					TextureU -00000.311405,-00000.950277,+00000.000000
					TextureV +00000.000000,+00000.000000,-00001.000000
					Vertex   -00003.288511,+00043.170618,-00020.000000
					Vertex   -00003.288511,+00043.170618,+00020.000000
					Vertex   +00028.200909,+00032.851565,+00020.000000
					Vertex   +00028.200909,+00032.851565,-00020.000000
				End Polygon
				Begin Polygon Item=Side Link=8
					Origin   -00003.288511,+00043.170618,+00020.000000
					Normal   +00000.950277,-00000.311405,+00000.000000
					TextureU -00000.311405,-00000.950277,+00000.000000
					TextureV +00000.000000,+00000.000000,-00001.000000
					Vertex   -00003.288511,+00043.170618,+00020.000000
					Vertex   -00032.851565,+00028.200909,+00020.000000
					Vertex   -00043.170618,-00003.288511,+00020.000000
					Vertex   -00028.200909,-00032.851565,+00020.000000
					Vertex   +00003.288511,-00043.170618,+00020.000000
					Vertex   +00032.851565,-00028.200909,+00020.000000
					Vertex   +00043.170618,+00003.288511,+00020.000000
					Vertex   +00028.200909,+00032.851565,+00020.000000
				End Polygon
				Begin Polygon Item=Side Link=9
					Origin   +00028.200909,+00032.851565,-00020.000000
					Normal   +00000.950277,-00000.311405,+00000.000000
					TextureU -00000.311405,-00000.950277,+00000.000000
					TextureV +00000.000000,+00000.000000,-00001.000000
					Vertex   +00028.200909,+00032.851565,-00020.000000
					Vertex   +00043.170618,+00003.288511,-00020.000000
					Vertex   +00032.851565,-00028.200909,-00020.000000
					Vertex   +00003.288511,-00043.170618,-00020.000000
					Vertex   -00028.200909,-00032.851565,-00020.000000
					Vertex   -00043.170618,-00003.288511,-00020.000000
					Vertex   -00032.851565,+00028.200909,-00020.000000
					Vertex   -00003.288511,+00043.170618,-00020.000000
				End Polygon
			End PolyList
		End Brush
		Brush=Model'Model_6'
		BrushComponent=BrushComponent0
		ActorLabel="ScriptedTrigger16_BriefingSetup"
		Tags(0)="BriefingSetup"
	End Actor
	Begin Actor Class=TriggerVolume Name=ScriptedTrigger1_BriefingSetup->AdvisorGlow
		Begin Object Name="BrushComponent0"
			RelativeLocation=(X=2602.860000,Y=1889.930000,Z=111172.000000)
		End Object
		BrushType=Brush_Add
		Begin Brush Name=Model_6
			Begin PolyList
				Begin Polygon Item=Side Link=0
					Origin   +00028.200909,+00032.851565,-00020.000000
					Normal   +00000.950277,-00000.311405,+00000.000000
					TextureU -00000.311405,-00000.950277,+00000.000000
					TextureV +00000.000000,+00000.000000,-00001.000000
					Vertex   +00028.200909,+00032.851565,-00020.000000
					Vertex   +00028.200909,+00032.851565,+00020.000000
					Vertex   +00043.170618,+00003.288511,+00020.000000
					Vertex   +00043.170618,+00003.288511,-00020.000000
				End Polygon
				Begin Polygon Item=Side Link=1
					Origin   +00043.170618,+00003.288511,-00020.000000
					Normal   +00000.950277,-00000.311405,+00000.000000
					TextureU -00000.311405,-00000.950277,+00000.000000
					TextureV +00000.000000,+00000.000000,-00001.000000
					Vertex   +00043.170618,+00003.288511,-00020.000000
					Vertex   +00043.170618,+00003.288511,+00020.000000
					Vertex   +00032.851565,-00028.200909,+00020.000000
					Vertex   +00032.851565,-00028.200909,-00020.000000
				End Polygon
				Begin Polygon Item=Side Link=2
					Origin   +00032.851565,-00028.200909,-00020.000000
					Normal   +00000.950277,-00000.311405,+00000.000000
					TextureU -00000.311405,-00000.950277,+00000.000000
					TextureV +00000.000000,+00000.000000,-00001.000000
					Vertex   +00032.851565,-00028.200909,-00020.000000
					Vertex   +00032.851565,-00028.200909,+00020.000000
					Vertex   +00003.288511,-00043.170618,+00020.000000
					Vertex   +00003.288511,-00043.170618,-00020.000000
				End Polygon
				Begin Polygon Item=Side Link=3
					Origin   +00003.288511,-00043.170618,-00020.000000
					Normal   +00000.950277,-00000.311405,+00000.000000
					TextureU -00000.311405,-00000.950277,+00000.000000
					TextureV +00000.000000,+00000.000000,-00001.000000
					Vertex   +00003.288511,-00043.170618,-00020.000000
					Vertex   +00003.288511,-00043.170618,+00020.000000
					Vertex   -00028.200909,-00032.851565,+00020.000000
					Vertex   -00028.200909,-00032.851565,-00020.000000
				End Polygon
				Begin Polygon Item=Side Link=4
					Origin   -00028.200909,-00032.851565,-00020.000000
					Normal   +00000.950277,-00000.311405,+00000.000000
					TextureU -00000.311405,-00000.950277,+00000.000000
					TextureV +00000.000000,+00000.000000,-00001.000000
					Vertex   -00028.200909,-00032.851565,-00020.000000
					Vertex   -00028.200909,-00032.851565,+00020.000000
					Vertex   -00043.170618,-00003.288511,+00020.000000
					Vertex   -00043.170618,-00003.288511,-00020.000000
				End Polygon
				Begin Polygon Item=Side Link=5
					Origin   -00043.170618,-00003.288511,-00020.000000
					Normal   +00000.950277,-00000.311405,+00000.000000
					TextureU -00000.311405,-00000.950277,+00000.000000
					TextureV +00000.000000,+00000.000000,-00001.000000
					Vertex   -00043.170618,-00003.288511,-00020.000000
					Vertex   -00043.170618,-00003.288511,+00020.000000
					Vertex   -00032.851565,+00028.200909,+00020.000000
					Vertex   -00032.851565,+00028.200909,-00020.000000
				End Polygon
				Begin Polygon Item=Side Link=6
					Origin   -00032.851565,+00028.200909,-00020.000000
					Normal   +00000.950277,-00000.311405,+00000.000000
					TextureU -00000.311405,-00000.950277,+00000.000000
					TextureV +00000.000000,+00000.000000,-00001.000000
					Vertex   -00032.851565,+00028.200909,-00020.000000
					Vertex   -00032.851565,+00028.200909,+00020.000000
					Vertex   -00003.288511,+00043.170618,+00020.000000
					Vertex   -00003.288511,+00043.170618,-00020.000000
				End Polygon
				Begin Polygon Item=Side Link=7
					Origin   -00003.288511,+00043.170618,-00020.000000
					Normal   +00000.950277,-00000.311405,+00000.000000
					TextureU -00000.311405,-00000.950277,+00000.000000
					TextureV +00000.000000,+00000.000000,-00001.000000
					Vertex   -00003.288511,+00043.170618,-00020.000000
					Vertex   -00003.288511,+00043.170618,+00020.000000
					Vertex   +00028.200909,+00032.851565,+00020.000000
					Vertex   +00028.200909,+00032.851565,-00020.000000
				End Polygon
				Begin Polygon Item=Side Link=8
					Origin   -00003.288511,+00043.170618,+00020.000000
					Normal   +00000.950277,-00000.311405,+00000.000000
					TextureU -00000.311405,-00000.950277,+00000.000000
					TextureV +00000.000000,+00000.000000,-00001.000000
					Vertex   -00003.288511,+00043.170618,+00020.000000
					Vertex   -00032.851565,+00028.200909,+00020.000000
					Vertex   -00043.170618,-00003.288511,+00020.000000
					Vertex   -00028.200909,-00032.851565,+00020.000000
					Vertex   +00003.288511,-00043.170618,+00020.000000
					Vertex   +00032.851565,-00028.200909,+00020.000000
					Vertex   +00043.170618,+00003.288511,+00020.000000
					Vertex   +00028.200909,+00032.851565,+00020.000000
				End Polygon
				Begin Polygon Item=Side Link=9
					Origin   +00028.200909,+00032.851565,-00020.000000
					Normal   +00000.950277,-00000.311405,+00000.000000
					TextureU -00000.311405,-00000.950277,+00000.000000
					TextureV +00000.000000,+00000.000000,-00001.000000
					Vertex   +00028.200909,+00032.851565,-00020.000000
					Vertex   +00043.170618,+00003.288511,-00020.000000
					Vertex   +00032.851565,-00028.200909,-00020.000000
					Vertex   +00003.288511,-00043.170618,-00020.000000
					Vertex   -00028.200909,-00032.851565,-00020.000000
					Vertex   -00043.170618,-00003.288511,-00020.000000
					Vertex   -00032.851565,+00028.200909,-00020.000000
					Vertex   -00003.288511,+00043.170618,-00020.000000
				End Polygon
			End PolyList
		End Brush
		Brush=Model'Model_6'
		BrushComponent=BrushComponent0
		ActorLabel="ScriptedTrigger1_BriefingSetup->AdvisorGlow"
		Tags(0)="BriefingSetup"
		Event="AdvisorGlow"
	End Actor
	Begin Actor Class=TriggerVolume Name=ScriptedTrigger8_AdvisorGlow->AdvisorLight
		Begin Object Name="BrushComponent0"
			RelativeLocation=(X=2607.680000,Y=1927.600000,Z=210535.000000)
		End Object
		BrushType=Brush_Add
		Begin Brush Name=Model_6
			Begin PolyList
				Begin Polygon Item=Side Link=0
					Origin   +00016.568542,+00040.000000,-00020.000000
					Normal   +00001.000000,+00000.000000,+00000.000000
					TextureU +00000.000000,-00001.000000,+00000.000000
					TextureV +00000.000000,+00000.000000,-00001.000000
					Vertex   +00016.568542,+00040.000000,-00020.000000
					Vertex   +00016.568542,+00040.000000,+00020.000000
					Vertex   +00040.000000,+00016.568542,+00020.000000
					Vertex   +00040.000000,+00016.568542,-00020.000000
				End Polygon
				Begin Polygon Item=Side Link=1
					Origin   +00040.000000,+00016.568542,-00020.000000
					Normal   +00001.000000,+00000.000000,+00000.000000
					TextureU +00000.000000,-00001.000000,+00000.000000
					TextureV +00000.000000,+00000.000000,-00001.000000
					Vertex   +00040.000000,+00016.568542,-00020.000000
					Vertex   +00040.000000,+00016.568542,+00020.000000
					Vertex   +00040.000000,-00016.568542,+00020.000000
					Vertex   +00040.000000,-00016.568542,-00020.000000
				End Polygon
				Begin Polygon Item=Side Link=2
