Begin Map
	Begin Level Name=/Game/RestrictedAssets/Maps/WIP/yyy01briefing-UT2004/yyy01briefing-UT2004
	Begin Actor Class=Brush Name=BigAdditiveBrush
		Begin Object Name="BrushComponent0"
			RelativeLocation=(X=-132415.498672,Y=92412.449218,Z=-16128.000000)
		End Object
		BrushType=Brush_Add
		Begin Brush Name=Model_6
			Begin PolyList
				Begin Polygon Item=Side LightMapScale=2048.0 Link=0
					Origin   +00000.000000,+00000.000000,+00000.000000
					Normal   -00001.000000,+00000.000000,+00000.000000
					TextureU +00000.000000,+00001.000000,+00000.000000
					TextureV +00000.000000,+00000.000000,-00001.000000
					Vertex   -169235.498672,-169642.550782,-231268.000000
					Vertex   -169235.498672,-169642.550782,+231268.000000
					Vertex   -169235.498672,+169642.550782,+231268.000000
					Vertex   -169235.498672,+169642.550782,-231268.000000
				End Polygon
				Begin Polygon Item=Side LightMapScale=2048.0 Link=1
					Origin   +00000.000000,+00000.000000,+00000.000000
					Normal   +00000.000000,+00001.000000,+00000.000000
					TextureU +00001.000000,+00000.000000,+00000.000000
					TextureV +00000.000000,+00000.000000,-00001.000000
					Vertex   -169235.498672,+169642.550782,-231268.000000
					Vertex   -169235.498672,+169642.550782,+231268.000000
					Vertex   +169235.498672,+169642.550782,+231268.000000
					Vertex   +169235.498672,+169642.550782,-231268.000000
				End Polygon
				Begin Polygon Item=Side LightMapScale=2048.0 Link=2
					Origin   +00000.000000,+00000.000000,+00000.000000
					Normal   +00001.000000,+00000.000000,+00000.000000
					TextureU +00000.000000,-00001.000000,+00000.000000
					TextureV +00000.000000,+00000.000000,-00001.000000
					Vertex   +169235.498672,+169642.550782,-231268.000000
					Vertex   +169235.498672,+169642.550782,+231268.000000
					Vertex   +169235.498672,-169642.550782,+231268.000000
					Vertex   +169235.498672,-169642.550782,-231268.000000
				End Polygon
				Begin Polygon Item=Side LightMapScale=2048.0 Link=3
					Origin   +00000.000000,+00000.000000,+00000.000000
					Normal   +00000.000000,-00001.000000,+00000.000000
					TextureU -00001.000000,+00000.000000,+00000.000000
					TextureV +00000.000000,+00000.000000,-00001.000000
					Vertex   +169235.498672,-169642.550782,-231268.000000
					Vertex   +169235.498672,-169642.550782,+231268.000000
					Vertex   -169235.498672,-169642.550782,+231268.000000
					Vertex   -169235.498672,-169642.550782,-231268.000000
				End Polygon
				Begin Polygon Item=Side LightMapScale=2048.0 Link=4
					Origin   +00000.000000,+00000.000000,+00000.000000
					Normal   +00000.000000,+00000.000000,+00001.000000
					TextureU +00001.000000,+00000.000000,+00000.000000
					TextureV +00000.000000,+00001.000000,+00000.000000
					Vertex   -169235.498672,+169642.550782,+231268.000000
					Vertex   -169235.498672,-169642.550782,+231268.000000
					Vertex   +169235.498672,-169642.550782,+231268.000000
					Vertex   +169235.498672,+169642.550782,+231268.000000
				End Polygon
				Begin Polygon Item=Side LightMapScale=2048.0 Link=5
					Origin   +00000.000000,+00000.000000,+00000.000000
					Normal   +00000.000000,+00000.000000,-00001.000000
					TextureU +00001.000000,+00000.000000,+00000.000000
					TextureV +00000.000000,-00001.000000,+00000.000000
					Vertex   -169235.498672,-169642.550782,-231268.000000
					Vertex   -169235.498672,+169642.550782,-231268.000000
					Vertex   +169235.498672,+169642.550782,-231268.000000
					Vertex   +169235.498672,-169642.550782,-231268.000000
				End Polygon
			End PolyList
		End Brush
		Brush=Model'Model_6'
		BrushComponent=BrushComponent0
		ActorLabel="BigAdditiveBrush"
	End Actor
	Begin Actor Class=Note Name=LevelInfo29_Note
		Begin Object Class=SceneComponent Name="SceneComp"
		End Object
		Begin Object Name="SceneComp"
			RelativeLocation=(X=0.000000,Y=0.000000,Z=0.000000)
		End Object
		Text=""
		RootComponent=SceneComp
		SpriteScale=4.0
		ActorLabel="LevelInfo29_Note"
	End Actor
	Begin Actor Class=Brush Name=Brush38_Brush
		Begin Object Name="BrushComponent0"
			RelativeLocation=(X=-262127.000000,Y=261955.000000,Z=-45788.900000)
		End Object
		BrushType=Brush_Add
		Begin Brush Name=Model_6
			Begin PolyList
				Begin Polygon Item=Side LightMapScale=128.0 Link=0
					Origin   -02112.241943,-01585.035645,-00256.000000
					Normal   +00001.000000,+00000.000000,+00000.000000
					TextureU -00000.471397,-00000.881921,+00000.000000
					TextureV +00000.000000,+00000.000000,-00001.000000
					Vertex   +00000.002656,-00000.003750,+00479.999980
					Vertex   +00000.002656,-00000.003750,+00511.999980
					Vertex   +00000.002656,-48640.003750,+00511.999980
					Vertex   +00000.002656,-48640.003750,+00479.999980
				End Polygon
				Begin Polygon Item=Side LightMapScale=128.0 Link=1
					Origin   -02353.597168,-02036.579346,-00256.000000
					Normal   +00000.000000,-00001.000000,+00000.000000
					TextureU -00000.881921,+00000.471397,+00000.000000
					TextureV +00000.000000,+00000.000000,-00001.000000
					Vertex   +00000.002656,-48640.003750,+00479.999980
					Vertex   +00000.002656,-48640.003750,+00511.999980
					Vertex   -39423.997344,-48640.003750,+00511.999980
					Vertex   -39423.997344,-48640.003750,+00479.999980
				End Polygon
				Begin Polygon Item=Side LightMapScale=128.0 Link=2
					Origin   -02805.140625,-01795.224243,-00256.000000
					Normal   -00001.000000,+00000.000000,+00000.000000
					TextureU +00000.471397,+00000.881921,+00000.000000
					TextureV +00000.000000,+00000.000000,-00001.000000
					Vertex   -39423.997344,-48640.003750,+00479.999980
					Vertex   -39423.997344,-48640.003750,+00511.999980
					Vertex   -39423.997344,-00000.003750,+00511.999980
					Vertex   -39423.997344,-00000.003750,+00479.999980
				End Polygon
				Begin Polygon Item=Side LightMapScale=128.0 Link=3
					Origin   -02563.785645,-01343.680542,-00256.000000
					Normal   +00000.000000,+00001.000000,+00000.000000
					TextureU +00000.881921,-00000.471397,+00000.000000
					TextureV +00000.000000,+00000.000000,-00001.000000
					Vertex   -39423.997344,-00000.003750,+00479.999980
					Vertex   -39423.997344,-00000.003750,+00511.999980
					Vertex   +00000.002656,-00000.003750,+00511.999980
					Vertex   +00000.002656,-00000.003750,+00479.999980
				End Polygon
				Begin Polygon Item=Side LightMapScale=128.0 Link=4
					Origin   -02353.597168,-02036.579346,+00256.000000
					Normal   +00000.000000,+00000.000000,+00001.000000
					TextureU -00000.881921,+00000.471397,+00000.000000
					TextureV -00000.471397,-00000.881921,+00000.000000
					Vertex   +00000.002656,-48640.003750,+00511.999980
					Vertex   +00000.002656,-00000.003750,+00511.999980
					Vertex   -39423.997344,-00000.003750,+00511.999980
					Vertex   -39423.997344,-48640.003750,+00511.999980
				End Polygon
				Begin Polygon Item=Side LightMapScale=128.0 Link=5
					Origin   -02112.241943,-01585.035645,-00256.000000
					Normal   +00000.000000,+00000.000000,-00001.000000
					TextureU -00000.881921,+00000.471397,+00000.000000
					TextureV +00000.471397,+00000.881921,+00000.000000
					Vertex   +00000.002656,-00000.003750,+00479.999980
					Vertex   +00000.002656,-48640.003750,+00479.999980
					Vertex   -39423.997344,-48640.003750,+00479.999980
					Vertex   -39423.997344,-00000.003750,+00479.999980
				End Polygon
			End PolyList
		End Brush
		Brush=Model'Model_6'
		BrushComponent=BrushComponent0
		ActorLabel="Brush38_Brush"
		Tags(0)="Brush"
	End Actor
	Begin Actor Class=Brush Name=Brush37_Brush
		Begin Object Name="BrushComponent0"
			RelativeLocation=(X=36720.000000,Y=-28144.000000,Z=215040.000000)
		End Object
		BrushType=Brush_Subtract
		Begin Brush Name=Model_6
			Begin PolyList
				Begin Polygon Item=Side Texture=/Game/RestrictedAssets/Maps/WIP/yyy01briefing-UT2004/BriefingTextures_Geo_DaySky01_Back01_Mat.BriefingTextures_Geo_DaySky01_Back01_Mat LightMapScale=128.0 Link=0
					Origin   -131072.000000,-131072.000000,-131072.000000
					Normal   -00001.000000,+00000.000000,+00000.000000
					TextureU +00000.000000,+00001.000000,+00000.000000
					TextureV +00000.000000,+00000.000000,-00001.000000
					Vertex   -70144.000000,+02048.000000,-247296.000000
					Vertex   -70144.000000,+02048.000000,+00000.000000
					Vertex   -70144.000000,+48640.000000,+00000.000000
					Vertex   -70144.000000,+48640.000000,-247296.000000
				End Polygon
				Begin Polygon Item=Side Texture=/Game/RestrictedAssets/Maps/WIP/yyy01briefing-UT2004/BriefingTextures_Geo_DaySky01_Back01_Mat.BriefingTextures_Geo_DaySky01_Back01_Mat LightMapScale=128.0 Link=1
					Origin   -131072.000000,+131072.000000,-131072.000000
					Normal   +00000.000000,+00001.000000,+00000.000000
					TextureU +00001.000000,+00000.000000,+00000.000000
					TextureV +00000.000000,+00000.000000,-00001.000000
					Vertex   -70144.000000,+48640.000000,-247296.000000
					Vertex   -70144.000000,+48640.000000,+00000.000000
					Vertex   -32256.000000,+48640.000000,+00000.000000
					Vertex   -32256.000000,+48640.000000,-247296.000000
				End Polygon
				Begin Polygon Item=Side Texture=/Game/RestrictedAssets/Maps/WIP/yyy01briefing-UT2004/BriefingTextures_Geo_DaySky01_Back01_Mat.BriefingTextures_Geo_DaySky01_Back01_Mat LightMapScale=128.0 Link=2
					Origin   +131072.000000,+131072.000000,-131072.000000
					Normal   +00001.000000,+00000.000000,+00000.000000
					TextureU +00000.000000,-00001.000000,+00000.000000
					TextureV +00000.000000,+00000.000000,-00001.000000
					Vertex   -32256.000000,+48640.000000,-247296.000000
					Vertex   -32256.000000,+48640.000000,+00000.000000
					Vertex   -32256.000000,+02048.000000,+00000.000000
					Vertex   -32256.000000,+02048.000000,-247296.000000
				End Polygon
				Begin Polygon Item=Side Texture=/Game/RestrictedAssets/Maps/WIP/yyy01briefing-UT2004/BriefingTextures_Geo_DaySky01_Back01_Mat.BriefingTextures_Geo_DaySky01_Back01_Mat LightMapScale=128.0 Link=3
					Origin   +131072.000000,-131072.000000,-131072.000000
					Normal   +00000.000000,-00001.000000,+00000.000000
					TextureU -00001.000000,+00000.000000,+00000.000000
					TextureV +00000.000000,+00000.000000,-00001.000000
					Vertex   -32256.000000,+02048.000000,-247296.000000
					Vertex   -32256.000000,+02048.000000,+00000.000000
					Vertex   -70144.000000,+02048.000000,+00000.000000
					Vertex   -70144.000000,+02048.000000,-247296.000000
				End Polygon
				Begin Polygon Item=Side Texture=/Game/RestrictedAssets/Maps/WIP/yyy01briefing-UT2004/BriefingTextures_Geo_DaySky01_Back01_Mat.BriefingTextures_Geo_DaySky01_Back01_Mat LightMapScale=128.0 Link=4
					Origin   -131072.000000,+131072.000000,+131072.000000
					Normal   +00000.000000,+00000.000000,+00001.000000
					TextureU +00001.000000,+00000.000000,+00000.000000
					TextureV +00000.000000,+00001.000000,+00000.000000
					Vertex   -70144.000000,+48640.000000,+00000.000000
					Vertex   -70144.000000,+02048.000000,+00000.000000
					Vertex   -32256.000000,+02048.000000,+00000.000000
					Vertex   -32256.000000,+48640.000000,+00000.000000
				End Polygon
				Begin Polygon Item=Side Texture=/Game/RestrictedAssets/Maps/WIP/yyy01briefing-UT2004/BriefingTextures_Geo_DaySky01_Back01_Mat.BriefingTextures_Geo_DaySky01_Back01_Mat LightMapScale=128.0 Link=5
					Origin   -131072.000000,-131072.000000,-131072.000000
					Normal   +00000.000000,+00000.000000,-00001.000000
					TextureU +00001.000000,+00000.000000,+00000.000000
					TextureV +00000.000000,-00001.000000,+00000.000000
					Vertex   -70144.000000,+02048.000000,-247296.000000
					Vertex   -70144.000000,+48640.000000,-247296.000000
					Vertex   -32256.000000,+48640.000000,-247296.000000
					Vertex   -32256.000000,+02048.000000,-247296.000000
				End Polygon
			End PolyList
		End Brush
		Brush=Model'Model_6'
		BrushComponent=BrushComponent0
		ActorLabel="Brush37_Brush"
		Tags(0)="Brush"
	End Actor
	Begin Actor Class=Brush Name=Brush16_Brush
		Begin Object Name="BrushComponent0"
			RelativeLocation=(X=2832.220000,Y=669.766000,Z=111160.000000)
		End Object
		BrushType=Brush_Add
		Begin Brush Name=Model_6
			Begin PolyList
				Begin Polygon Item=Side Texture=/Game/RestrictedAssets/Maps/WIP/yyy01briefing-UT2004/UpperKashyyyk_Textures_K5Bridge_BridgeCopper_M_Mat.UpperKashyyyk_Textures_K5Bridge_BridgeCopper_M_Mat LightMapScale=128.0 Link=0
					Origin   -00512.000000,-00512.000000,-00016.000000
					Normal   -00001.000000,+00000.000000,+00000.000000
					TextureU +00000.000000,+00001.000000,+00000.000000
					TextureV +00000.000000,+00000.000000,-00001.000000
					Vertex   -00512.000000,-00512.000000,-00016.000000
					Vertex   -00512.000000,-00512.000000,+00016.000000
					Vertex   -00512.000000,+00512.000000,+00016.000000
					Vertex   -00512.000000,+00512.000000,-00016.000000
				End Polygon
				Begin Polygon Item=Side Texture=/Game/RestrictedAssets/Maps/WIP/yyy01briefing-UT2004/UpperKashyyyk_Textures_K5Bridge_BridgeCopper_M_Mat.UpperKashyyyk_Textures_K5Bridge_BridgeCopper_M_Mat LightMapScale=128.0 Link=1
					Origin   -00512.000000,+00512.000000,-00016.000000
					Normal   +00000.000000,+00001.000000,+00000.000000
					TextureU +00001.000000,+00000.000000,+00000.000000
					TextureV +00000.000000,+00000.000000,-00001.000000
					Vertex   -00512.000000,+00512.000000,-00016.000000
					Vertex   -00512.000000,+00512.000000,+00016.000000
					Vertex   +00512.000000,+00512.000000,+00016.000000
					Vertex   +00512.000000,+00512.000000,-00016.000000
				End Polygon
				Begin Polygon Item=Side Texture=/Game/RestrictedAssets/Maps/WIP/yyy01briefing-UT2004/UpperKashyyyk_Textures_K5Bridge_BridgeCopper_M_Mat.UpperKashyyyk_Textures_K5Bridge_BridgeCopper_M_Mat LightMapScale=128.0 Link=2
					Origin   +00512.000000,+00512.000000,-00016.000000
					Normal   +00001.000000,+00000.000000,+00000.000000
					TextureU +00000.000000,-00001.000000,+00000.000000
					TextureV +00000.000000,+00000.000000,-00001.000000
					Vertex   +00512.000000,+00512.000000,-00016.000000
					Vertex   +00512.000000,+00512.000000,+00016.000000
					Vertex   +00512.000000,-00512.000000,+00016.000000
					Vertex   +00512.000000,-00512.000000,-00016.000000
				End Polygon
				Begin Polygon Item=Side Texture=/Game/RestrictedAssets/Maps/WIP/yyy01briefing-UT2004/UpperKashyyyk_Textures_K5Bridge_BridgeCopper_M_Mat.UpperKashyyyk_Textures_K5Bridge_BridgeCopper_M_Mat LightMapScale=128.0 Link=3
					Origin   +00512.000000,-00512.000000,-00016.000000
					Normal   +00000.000000,-00001.000000,+00000.000000
					TextureU -00001.000000,+00000.000000,+00000.000000
					TextureV +00000.000000,+00000.000000,-00001.000000
					Vertex   +00512.000000,-00512.000000,-00016.000000
					Vertex   +00512.000000,-00512.000000,+00016.000000
					Vertex   -00512.000000,-00512.000000,+00016.000000
					Vertex   -00512.000000,-00512.000000,-00016.000000
				End Polygon
				Begin Polygon Item=Side Texture=/Game/RestrictedAssets/Maps/WIP/yyy01briefing-UT2004/BriefingTextures_Holograms_Holo_WookieeTarfful_Mat.BriefingTextures_Holograms_Holo_WookieeTarfful_Mat LightMapScale=128.0 Link=4
					Origin   -00512.000000,+00512.000000,+00016.000000
					Normal   +00000.000000,+00000.000000,+00001.000000
					TextureU +00001.000000,+00000.000000,+00000.000000
					TextureV +00000.000000,+00001.000000,+00000.000000
					Vertex   -00512.000000,+00512.000000,+00016.000000
					Vertex   -00512.000000,-00512.000000,+00016.000000
					Vertex   +00512.000000,-00512.000000,+00016.000000
					Vertex   +00512.000000,+00512.000000,+00016.000000
				End Polygon
				Begin Polygon Item=Side Texture=/Game/RestrictedAssets/Maps/WIP/yyy01briefing-UT2004/UpperKashyyyk_Textures_K5Bridge_BridgeCopper_M_Mat.UpperKashyyyk_Textures_K5Bridge_BridgeCopper_M_Mat LightMapScale=128.0 Link=5
					Origin   -00512.000000,-00512.000000,-00016.000000
					Normal   +00000.000000,+00000.000000,-00001.000000
					TextureU +00001.000000,+00000.000000,+00000.000000
					TextureV +00000.000000,-00001.000000,+00000.000000
					Vertex   -00512.000000,-00512.000000,-00016.000000
					Vertex   -00512.000000,+00512.000000,-00016.000000
					Vertex   +00512.000000,+00512.000000,-00016.000000
					Vertex   +00512.000000,-00512.000000,-00016.000000
				End Polygon
			End PolyList
		End Brush
		Brush=Model'Model_6'
		BrushComponent=BrushComponent0
		ActorLabel="Brush16_Brush"
		Tags(0)="Brush"
	End Actor
	Begin Actor Class=Note Name=ScriptedSequence8_AdvisorHoloController
		Begin Object Class=SceneComponent Name="SceneComp"
		End Object
		Begin Object Name="SceneComp"
			RelativeLocation=(X=2447.830000,Y=872.125000,Z=111226.000000)
		End Object
		Text="Unconverted: ScriptedSequence"
		RootComponent=SceneComp
		ActorLabel="ScriptedSequence8_AdvisorHoloController"
		Tags(0)="AdvisorHoloController"
	End Actor
	Begin Actor Class=Note Name=ScriptedSequence9_Delta40AIScript
		Begin Object Class=SceneComponent Name="SceneComp"
		End Object
		Begin Object Name="SceneComp"
			RelativeLocation=(X=3069.810000,Y=871.125000,Z=111340.000000)
		End Object
		Text="Unconverted: ScriptedSequence"
		RootComponent=SceneComp
		ActorLabel="ScriptedSequence9_Delta40AIScript"
		Tags(0)="Delta40AIScript"
	End Actor
	Begin Actor Class=Note Name=ScriptedSequence1_Delta07AIScript
		Begin Object Class=SceneComponent Name="SceneComp"
		End Object
		Begin Object Name="SceneComp"
			RelativeLocation=(X=2961.130000,Y=871.688000,Z=111268.000000)
			RelativeRotation=(Pitch=-0.939331,Yaw=0.000000,Roll=1.867676)
		End Object
		Text="Unconverted: ScriptedSequence"
		RootComponent=SceneComp
		ActorLabel="ScriptedSequence1_Delta07AIScript"
		Tags(0)="Delta07AIScript"
	End Actor
	Begin Actor Class=Note Name=LookTarget0_AdvisorView
		Begin Object Class=SceneComponent Name="SceneComp"
		End Object
		Begin Object Name="SceneComp"
			RelativeLocation=(X=2780.090000,Y=785.594000,Z=111304.000000)
		End Object
		Text="Unconverted: LookTarget"
		RootComponent=SceneComp
		ActorLabel="LookTarget0_AdvisorView"
		Tags(0)="AdvisorView"
	End Actor
	Begin Actor Class=Note Name=Dispatcher1_StartBriefing
		Begin Object Class=SceneComponent Name="SceneComp"
		End Object
		Begin Object Name="SceneComp"
			RelativeLocation=(X=2549.090000,Y=1390.140000,Z=111257.000000)
		End Object
		Text="Unconverted: Dispatcher"
		RootComponent=SceneComp
		ActorLabel="Dispatcher1_StartBriefing"
		Tags(0)="StartBriefing"
	End Actor
	Begin Actor Class=TriggerVolume Name=ScriptedTrigger0_BriefingSetup
		Begin Object Name="BrushComponent0"
			RelativeLocation=(X=2563.200000,Y=1448.480000,Z=111141.000000)
		End Object
		BrushType=Brush_Add
		Begin Brush Name=Model_6
			Begin PolyList
				Begin Polygon Item=Side Link=0
					Origin   +00028.200909,+00032.851565,-00020.000000
					Normal   +00000.950277,-00000.311405,+00000.000000
					TextureU -00000.311405,-00000.950277,+00000.000000
					TextureV +00000.000000,+00000.000000,-00001.000000
					Vertex   +00028.200909,+00032.851565,-00020.000000
					Vertex   +00028.200909,+00032.851565,+00020.000000
					Vertex   +00043.170618,+00003.288511,+00020.000000
					Vertex   +00043.170618,+00003.288511,-00020.000000
				End Polygon
				Begin Polygon Item=Side Link=1
					Origin   +00043.170618,+00003.288511,-00020.000000
					Normal   +00000.950277,-00000.311405,+00000.000000
					TextureU -00000.311405,-00000.950277,+00000.000000
					TextureV +00000.000000,+00000.000000,-00001.000000
					Vertex   +00043.170618,+00003.288511,-00020.000000
					Vertex   +00043.170618,+00003.288511,+00020.000000
					Vertex   +00032.851565,-00028.200909,+00020.000000
					Vertex   +00032.851565,-00028.200909,-00020.000000
				End Polygon
				Begin Polygon Item=Side Link=2
					Origin   +00032.851565,-00028.200909,-00020.000000
					Normal   +00000.950277,-00000.311405,+00000.000000
					TextureU -00000.311405,-00000.950277,+00000.000000
					TextureV +00000.000000,+00000.000000,-00001.000000
					Vertex   +00032.851565,-00028.200909,-00020.000000
					Vertex   +00032.851565,-00028.200909,+00020.000000
					Vertex   +00003.288511,-00043.170618,+00020.000000
					Vertex   +00003.288511,-00043.170618,-00020.000000
				End Polygon
				Begin Polygon Item=Side Link=3
					Origin   +00003.288511,-00043.170618,-00020.000000
					Normal   +00000.950277,-00000.311405,+00000.000000
					TextureU -00000.311405,-00000.950277,+00000.000000
					TextureV +00000.000000,+00000.000000,-00001.000000
					Vertex   +00003.288511,-00043.170618,-00020.000000
					Vertex   +00003.288511,-00043.170618,+00020.000000
					Vertex   -00028.200909,-00032.851565,+00020.000000
					Vertex   -00028.200909,-00032.851565,-00020.000000
				End Polygon
				Begin Polygon Item=Side Link=4
					Origin   -00028.200909,-00032.851565,-00020.000000
					Normal   +00000.950277,-00000.311405,+00000.000000
					TextureU -00000.311405,-00000.950277,+00000.000000
					TextureV +00000.000000,+00000.000000,-00001.000000
					Vertex   -00028.200909,-00032.851565,-00020.000000
					Vertex   -00028.200909,-00032.851565,+00020.000000
					Vertex   -00043.170618,-00003.288511,+00020.000000
					Vertex   -00043.170618,-00003.288511,-00020.000000
				End Polygon
				Begin Polygon Item=Side Link=5
					Origin   -00043.170618,-00003.288511,-00020.000000
					Normal   +00000.950277,-00000.311405,+00000.000000
					TextureU -00000.311405,-00000.950277,+00000.000000
					TextureV +00000.000000,+00000.000000,-00001.000000
					Vertex   -00043.170618,-00003.288511,-00020.000000
					Vertex   -00043.170618,-00003.288511,+00020.000000
					Vertex   -00032.851565,+00028.200909,+00020.000000
					Vertex   -00032.851565,+00028.200909,-00020.000000
				End Polygon
				Begin Polygon Item=Side Link=6
					Origin   -00032.851565,+00028.200909,-00020.000000
					Normal   +00000.950277,-00000.311405,+00000.000000
					TextureU -00000.311405,-00000.950277,+00000.000000
					TextureV +00000.000000,+00000.000000,-00001.000000
					Vertex   -00032.851565,+00028.200909,-00020.000000
					Vertex   -00032.851565,+00028.200909,+00020.000000
					Vertex   -00003.288511,+00043.170618,+00020.000000
					Vertex   -00003.288511,+00043.170618,-00020.000000
				End Polygon
				Begin Polygon Item=Side Link=7
					Origin   -00003.288511,+00043.170618,-00020.000000
					Normal   +00000.950277,-00000.311405,+00000.000000
					TextureU -00000.311405,-00000.950277,+00000.000000
					TextureV +00000.000000,+00000.000000,-00001.000000
					Vertex   -00003.288511,+00043.170618,-00020.000000
					Vertex   -00003.288511,+00043.170618,+00020.000000
					Vertex   +00028.200909,+00032.851565,+00020.000000
					Vertex   +00028.200909,+00032.851565,-00020.000000
				End Polygon
				Begin Polygon Item=Side Link=8
					Origin   -00003.288511,+00043.170618,+00020.000000
					Normal   +00000.950277,-00000.311405,+00000.000000
					TextureU -00000.311405,-00000.950277,+00000.000000
					TextureV +00000.000000,+00000.000000,-00001.000000
					Vertex   -00003.288511,+00043.170618,+00020.000000
					Vertex   -00032.851565,+00028.200909,+00020.000000
					Vertex   -00043.170618,-00003.288511,+00020.000000
					Vertex   -00028.200909,-00032.851565,+00020.000000
					Vertex   +00003.288511,-00043.170618,+00020.000000
					Vertex   +00032.851565,-00028.200909,+00020.000000
					Vertex   +00043.170618,+00003.288511,+00020.000000
					Vertex   +00028.200909,+00032.851565,+00020.000000
				End Polygon
				Begin Polygon Item=Side Link=9
					Origin   +00028.200909,+00032.851565,-00020.000000
					Normal   +00000.950277,-00000.311405,+00000.000000
					TextureU -00000.311405,-00000.950277,+00000.000000
					TextureV +00000.000000,+00000.000000,-00001.000000
					Vertex   +00028.200909,+00032.851565,-00020.000000
					Vertex   +00043.170618,+00003.288511,-00020.000000
					Vertex   +00032.851565,-00028.200909,-00020.000000
					Vertex   +00003.288511,-00043.170618,-00020.000000
					Vertex   -00028.200909,-00032.851565,-00020.000000
					Vertex   -00043.170618,-00003.288511,-00020.000000
					Vertex   -00032.851565,+00028.200909,-00020.000000
					Vertex   -00003.288511,+00043.170618,-00020.000000
				End Polygon
			End PolyList
		End Brush
		Brush=Model'Model_6'
		BrushComponent=BrushComponent0
		ActorLabel="ScriptedTrigger0_BriefingSetup"
		Tags(0)="BriefingSetup"
	End Actor
	Begin Actor Class=TriggerVolume Name=ScriptedTrigger17_GotoNextLevel
		Begin Object Name="BrushComponent0"
			RelativeLocation=(X=2572.230000,Y=1513.730000,Z=111154.000000)
		End Object
		BrushType=Brush_Add
		Begin Brush Name=Model_6
			Begin PolyList
				Begin Polygon Item=Side Link=0
					Origin   +00016.562007,+00040.249570,-00019.498426
					Normal   +00000.999189,-00000.017149,-00000.036424
					TextureU -00000.018142,-00000.999468,-00000.027111
					TextureV -00000.035940,+00000.027750,-00000.998969
					Vertex   +00016.562007,+00040.249570,-00019.498426
					Vertex   +00017.999593,+00039.139579,+00020.460318
					Vertex   +00040.986955,+00015.318762,+00018.971602
					Vertex   +00039.549368,+00016.428753,-00020.987143
				End Polygon
				Begin Polygon Item=Side Link=1
					Origin   +00039.549368,+00016.428753,-00020.987143
					Normal   +00000.999189,-00000.017149,-00000.036424
					TextureU -00000.018142,-00000.999468,-00000.027111
					TextureV -00000.035940,+00000.027750,-00000.998969
					Vertex   +00039.549368,+00016.428753,-00020.987143
					Vertex   +00040.986955,+00015.318762,+00018.971602
					Vertex   +00040.385774,-00017.800687,+00018.073224
					Vertex   +00038.948187,-00016.690696,-00021.885521
				End Polygon
				Begin Polygon Item=Side Link=2
					Origin   +00038.948187,-00016.690696,-00021.885521
					Normal   +00000.999189,-00000.017149,-00000.036424
					TextureU -00000.018142,-00000.999468,-00000.027111
					TextureV -00000.035940,+00000.027750,-00000.998969
					Vertex   +00038.948187,-00016.690696,-00021.885521
					Vertex   +00040.385774,-00017.800687,+00018.073224
					Vertex   +00016.548213,-00040.817844,+00018.291442
					Vertex   +00015.110626,-00039.707853,-00021.667303
				End Polygon
				Begin Polygon Item=Side Link=3
					Origin   +00015.110626,-00039.707853,-00021.667303
					Normal   +00000.999189,-00000.017149,-00000.036424
					TextureU -00000.018142,-00000.999468,-00000.027111
					TextureV -00000.035940,+00000.027750,-00000.998969
					Vertex   +00015.110626,-00039.707853,-00021.667303
					Vertex   +00016.548213,-00040.817844,+00018.291442
					Vertex   -00016.562007,-00040.249570,+00019.498426
					Vertex   -00017.999593,-00039.139579,-00020.460318
				End Polygon
				Begin Polygon Item=Side Link=4
					Origin   -00017.999593,-00039.139579,-00020.460318
					Normal   +00000.999189,-00000.017149,-00000.036424
					TextureU -00000.018142,-00000.999468,-00000.027111
					TextureV -00000.035940,+00000.027750,-00000.998969
					Vertex   -00017.999593,-00039.139579,-00020.460318
					Vertex   -00016.562007,-00040.249570,+00019.498426
					Vertex   -00039.549368,-00016.428753,+00020.987143
					Vertex   -00040.986955,-00015.318762,-00018.971602
				End Polygon
				Begin Polygon Item=Side Link=5
					Origin   -00040.986955,-00015.318762,-00018.971602
					Normal   +00000.999189,-00000.017149,-00000.036424
					TextureU -00000.018142,-00000.999468,-00000.027111
					TextureV -00000.035940,+00000.027750,-00000.998969
					Vertex   -00040.986955,-00015.318762,-00018.971602
					Vertex   -00039.549368,-00016.428753,+00020.987143
					Vertex   -00038.948187,+00016.690696,+00021.885521
					Vertex   -00040.385774,+00017.800687,-00018.073224
				End Polygon
				Begin Polygon Item=Side Link=6
					Origin   -00040.385774,+00017.800687,-00018.073224
					Normal   +00000.999189,-00000.017149,-00000.036424
					TextureU -00000.018142,-00000.999468,-00000.027111
					TextureV -00000.035940,+00000.027750,-00000.998969
					Vertex   -00040.385774,+00017.800687,-00018.073224
					Vertex   -00038.948187,+00016.690696,+00021.885521
					Vertex   -00015.110626,+00039.707853,+00021.667303
					Vertex   -00016.548213,+00040.817844,-00018.291442
				End Polygon
				Begin Polygon Item=Side Link=7
					Origin   -00016.548213,+00040.817844,-00018.291442
					Normal   +00000.999189,-00000.017149,-00000.036424
					TextureU -00000.018142,-00000.999468,-00000.027111
					TextureV -00000.035940,+00000.027750,-00000.998969
					Vertex   -00016.548213,+00040.817844,-00018.291442
					Vertex   -00015.110626,+00039.707853,+00021.667303
					Vertex   +00017.999593,+00039.139579,+00020.460318
					Vertex   +00016.562007,+00040.249570,-00019.498426
				End Polygon
				Begin Polygon Item=Side Link=8
					Origin   -00015.110626,+00039.707853,+00021.667303
					Normal   +00000.999189,-00000.017149,-00000.036424
					TextureU -00000.018142,-00000.999468,-00000.027111
					TextureV -00000.035940,+00000.027750,-00000.998969
					Vertex   -00015.110626,+00039.707853,+00021.667303
					Vertex   -00038.948187,+00016.690696,+00021.885521
					Vertex   -00039.549368,-00016.428753,+00020.987143
					Vertex   -00016.562007,-00040.249570,+00019.498426
					Vertex   +00016.548213,-00040.817844,+00018.291442
					Vertex   +00040.385774,-00017.800687,+00018.073224
					Vertex   +00040.986955,+00015.318762,+00018.971602
					Vertex   +00017.999593,+00039.139579,+00020.460318
				End Polygon
				Begin Polygon Item=Side Link=9
					Origin   +00016.562007,+00040.249570,-00019.498426
					Normal   +00000.999189,-00000.017149,-00000.036424
					TextureU -00000.018142,-00000.999468,-00000.027111
					TextureV -00000.035940,+00000.027750,-00000.998969
					Vertex   +00016.562007,+00040.249570,-00019.498426
					Vertex   +00039.549368,+00016.428753,-00020.987143
					Vertex   +00038.948187,-00016.690696,-00021.885521
					Vertex   +00015.110626,-00039.707853,-00021.667303
					Vertex   -00017.999593,-00039.139579,-00020.460318
					Vertex   -00040.986955,-00015.318762,-00018.971602
					Vertex   -00040.385774,+00017.800687,-00018.073224
					Vertex   -00016.548213,+00040.817844,-00018.291442
				End Polygon
			End PolyList
		End Brush
		Brush=Model'Model_6'
		BrushComponent=BrushComponent0
		ActorLabel="ScriptedTrigger17_GotoNextLevel"
		Tags(0)="GotoNextLevel"
	End Actor
	Begin Actor Class=Note Name=ScriptedSequence4_BriefingGunshipAIScript
		Begin Object Class=SceneComponent Name="SceneComp"
		End Object
		Begin Object Name="SceneComp"
			RelativeLocation=(X=3271.170000,Y=979.813000,Z=111410.000000)
			RelativeRotation=(Pitch=0.000000,Yaw=0.000000,Roll=-20.956421)
		End Object
		Text="Unconverted: ScriptedSequence"
		RootComponent=SceneComp
		ActorLabel="ScriptedSequence4_BriefingGunshipAIScript"
		Tags(0)="BriefingGunshipAIScript"
	End Actor
	Begin Actor Class=Note Name=Commando07Delta1_Delta07
		Begin Object Class=SceneComponent Name="SceneComp"
		End Object
		Begin Object Name="SceneComp"
			RelativeLocation=(X=2959.030000,Y=1006.700000,Z=111260.000000)
		End Object
		Text="Unconverted: Commando07Delta"
		RootComponent=SceneComp
		ActorLabel="Commando07Delta1_Delta07"
		Tags(0)="Delta07"
	End Actor
	Begin Actor Class=Note Name=Commando40Delta1_Delta40
		Begin Object Class=SceneComponent Name="SceneComp"
		End Object
		Begin Object Name="SceneComp"
			RelativeLocation=(X=3070.920000,Y=996.297000,Z=111260.000000)
		End Object
		Text="Unconverted: Commando40Delta"
		RootComponent=SceneComp
		ActorLabel="Commando40Delta1_Delta40"
		Tags(0)="Delta40"
	End Actor
	Begin Actor Class=Note Name=CloneAdvisor1_CloneAdvisor
		Begin Object Class=SceneComponent Name="SceneComp"
		End Object
		Begin Object Name="SceneComp"
			RelativeLocation=(X=2446.340000,Y=1029.160000,Z=111260.000000)
			RelativeScale3D=(X=0.500000,Y=0.500000,Z=0.500000)
		End Object
		Text="Unconverted: CloneAdvisor"
		RootComponent=SceneComp
		ActorLabel="CloneAdvisor1_CloneAdvisor"
		Tags(0)="CloneAdvisor"
	End Actor
	Begin Actor Class=Generic_Lift_C Name=Mover2_GunshipAttachMover_Lift
		Mesh Scale=(X=0.100000,Y=0.100000,Z=0.100000)
		Begin Object Name="Scene1"
			RelativeLocation=(X=23.312500,Y=-1.593750,Z=210239.000000)
		End Object
		Scene1=Scene
		RootComponent=Scene1
		Lift Time=3.0
		KeyPos(1)=(X=-76.0,Y=0.0,Z=1992.0)
		Lift Destination=(X=-76.000000,Y=0.000000,Z=1992.000000)
		OpenStartSound=None
		OpenStopSound=None
		CloseStartSound=None
		CloseStopSound=None
		MoveLoopSound=None
		Wait at top time=4.0
		NumKeys=2
		Lift Mesh=StaticMesh'/Game/RestrictedAssets/Maps/WIP/yyy01briefing-UT2004/GlobalProps_DefaultProp_DefaultPropA.GlobalProps_DefaultProp_DefaultPropA'
		ActorLabel="Mover2_GunshipAttachMover"
		Tags(0)="GunshipAttachMover"
	End Actor
	Begin Actor Class=Note Name=BriefingGunship0_BriefingGunship
		Begin Object Class=SceneComponent Name="SceneComp"
		End Object
		Begin Object Name="SceneComp"
			RelativeLocation=(X=0.000000,Y=0.000000,Z=210335.000000)
			RelativeRotation=(Pitch=0.000000,Yaw=0.000000,Roll=0.000000)
		End Object
		Text="Unconverted: BriefingGunship"
		RootComponent=SceneComp
		ActorLabel="BriefingGunship0_BriefingGunship"
		Tags(0)="BriefingGunship"
	End Actor
	Begin Actor Class=TriggerVolume Name=ScriptedTrigger5_BriefingSetup
		Begin Object Name="BrushComponent0"
			RelativeLocation=(X=2566.460000,Y=1854.560000,Z=111141.000000)
		End Object
		BrushType=Brush_Add
		Begin Brush Name=Model_6
			Begin PolyList
				Begin Polygon Item=Side Link=0
					Origin   +00028.200909,+00032.851565,-00020.000000
					Normal   +00000.950277,-00000.311405,+00000.000000
					TextureU -00000.311405,-00000.950277,+00000.000000
					TextureV +00000.000000,+00000.000000,-00001.000000
					Vertex   +00028.200909,+00032.851565,-00020.000000
					Vertex   +00028.200909,+00032.851565,+00020.000000
					Vertex   +00043.170618,+00003.288511,+00020.000000
					Vertex   +00043.170618,+00003.288511,-00020.000000
				End Polygon
				Begin Polygon Item=Side Link=1
					Origin   +00043.170618,+00003.288511,-00020.000000
					Normal   +00000.950277,-00000.311405,+00000.000000
					TextureU -00000.311405,-00000.950277,+00000.000000
					TextureV +00000.000000,+00000.000000,-00001.000000
					Vertex   +00043.170618,+00003.288511,-00020.000000
					Vertex   +00043.170618,+00003.288511,+00020.000000
					Vertex   +00032.851565,-00028.200909,+00020.000000
					Vertex   +00032.851565,-00028.200909,-00020.000000
				End Polygon
				Begin Polygon Item=Side Link=2
					Origin   +00032.851565,-00028.200909,-00020.000000
					Normal   +00000.950277,-00000.311405,+00000.000000
					TextureU -00000.311405,-00000.950277,+00000.000000
					TextureV +00000.000000,+00000.000000,-00001.000000
					Vertex   +00032.851565,-00028.200909,-00020.000000
					Vertex   +00032.851565,-00028.200909,+00020.000000
					Vertex   +00003.288511,-00043.170618,+00020.000000
					Vertex   +00003.288511,-00043.170618,-00020.000000
				End Polygon
				Begin Polygon Item=Side Link=3
					Origin   +00003.288511,-00043.170618,-00020.000000
					Normal   +00000.950277,-00000.311405,+00000.000000
					TextureU -00000.311405,-00000.950277,+00000.000000
					TextureV +00000.000000,+00000.000000,-00001.000000
					Vertex   +00003.288511,-00043.170618,-00020.000000
					Vertex   +00003.288511,-00043.170618,+00020.000000
					Vertex   -00028.200909,-00032.851565,+00020.000000
					Vertex   -00028.200909,-00032.851565,-00020.000000
				End Polygon
				Begin Polygon Item=Side Link=4
					Origin   -00028.200909,-00032.851565,-00020.000000
					Normal   +00000.950277,-00000.311405,+00000.000000
					TextureU -00000.311405,-00000.950277,+00000.000000
					TextureV +00000.000000,+00000.000000,-00001.000000
					Vertex   -00028.200909,-00032.851565,-00020.000000
					Vertex   -00028.200909,-00032.851565,+00020.000000
					Vertex   -00043.170618,-00003.288511,+00020.000000
					Vertex   -00043.170618,-00003.288511,-00020.000000
				End Polygon
				Begin Polygon Item=Side Link=5
					Origin   -00043.170618,-00003.288511,-00020.000000
					Normal   +00000.950277,-00000.311405,+00000.000000
					TextureU -00000.311405,-00000.950277,+00000.000000
					TextureV +00000.000000,+00000.000000,-00001.000000
					Vertex   -00043.170618,-00003.288511,-00020.000000
					Vertex   -00043.170618,-00003.288511,+00020.000000
					Vertex   -00032.851565,+00028.200909,+00020.000000
					Vertex   -00032.851565,+00028.200909,-00020.000000
				End Polygon
				Begin Polygon Item=Side Link=6
					Origin   -00032.851565,+00028.200909,-00020.000000
					Normal   +00000.950277,-00000.311405,+00000.000000
					TextureU -00000.311405,-00000.950277,+00000.000000
					TextureV +00000.000000,+00000.000000,-00001.000000
					Vertex   -00032.851565,+00028.200909,-00020.000000
					Vertex   -00032.851565,+00028.200909,+00020.000000
					Vertex   -00003.288511,+00043.170618,+00020.000000
					Vertex   -00003.288511,+00043.170618,-00020.000000
				End Polygon
				Begin Polygon Item=Side Link=7
					Origin   -00003.288511,+00043.170618,-00020.000000
					Normal   +00000.950277,-00000.311405,+00000.000000
					TextureU -00000.311405,-00000.950277,+00000.000000
					TextureV +00000.000000,+00000.000000,-00001.000000
					Vertex   -00003.288511,+00043.170618,-00020.000000
					Vertex   -00003.288511,+00043.170618,+00020.000000
					Vertex   +00028.200909,+00032.851565,+00020.000000
					Vertex   +00028.200909,+00032.851565,-00020.000000
				End Polygon
				Begin Polygon Item=Side Link=8
					Origin   -00003.288511,+00043.170618,+00020.000000
					Normal   +00000.950277,-00000.311405,+00000.000000
					TextureU -00000.311405,-00000.950277,+00000.000000
					TextureV +00000.000000,+00000.000000,-00001.000000
					Vertex   -00003.288511,+00043.170618,+00020.000000
					Vertex   -00032.851565,+00028.200909,+00020.000000
					Vertex   -00043.170618,-00003.288511,+00020.000000
					Vertex   -00028.200909,-00032.851565,+00020.000000
					Vertex   +00003.288511,-00043.170618,+00020.000000
					Vertex   +00032.851565,-00028.200909,+00020.000000
					Vertex   +00043.170618,+00003.288511,+00020.000000
					Vertex   +00028.200909,+00032.851565,+00020.000000
				End Polygon
				Begin Polygon Item=Side Link=9
					Origin   +00028.200909,+00032.851565,-00020.000000
					Normal   +00000.950277,-00000.311405,+00000.000000
					TextureU -00000.311405,-00000.950277,+00000.000000
					TextureV +00000.000000,+00000.000000,-00001.000000
					Vertex   +00028.200909,+00032.851565,-00020.000000
					Vertex   +00043.170618,+00003.288511,-00020.000000
					Vertex   +00032.851565,-00028.200909,-00020.000000
					Vertex   +00003.288511,-00043.170618,-00020.000000
					Vertex   -00028.200909,-00032.851565,-00020.000000
					Vertex   -00043.170618,-00003.288511,-00020.000000
					Vertex   -00032.851565,+00028.200909,-00020.000000
					Vertex   -00003.288511,+00043.170618,-00020.000000
				End Polygon
			End PolyList
		End Brush
		Brush=Model'Model_6'
		BrushComponent=BrushComponent0
		ActorLabel="ScriptedTrigger5_BriefingSetup"
		Tags(0)="BriefingSetup"
	End Actor
	Begin Actor Class=Note Name=Holo_Flash2_HoloFlash
		Begin Object Class=SceneComponent Name="SceneComp"
		End Object
		Begin Object Name="SceneComp"
			RelativeLocation=(X=31.082700,Y=-1.328130,Z=210242.000000)
			RelativeScale3D=(X=0.600000,Y=0.600000,Z=0.600000)
		End Object
		Text="Unconverted: Holo_Flash"
		RootComponent=SceneComp
		ActorLabel="Holo_Flash2_HoloFlash"
		Tags(0)="HoloFlash"
	End Actor
	Begin Actor Class=TriggerVolume Name=ScriptedTrigger6_AdvisorGlow->GunshipInteriorLight
		Begin Object Name="BrushComponent0"
			RelativeLocation=(X=2572.740000,Y=1883.770000,Z=210502.000000)
		End Object
		BrushType=Brush_Add
		Begin Brush Name=Model_6
			Begin PolyList
				Begin Polygon Item=Side Link=0
					Origin   +00016.568542,+00040.000000,-00020.000000
					Normal   +00001.000000,+00000.000000,+00000.000000
					TextureU +00000.000000,-00001.000000,+00000.000000
					TextureV +00000.000000,+00000.000000,-00001.000000
					Vertex   +00016.568542,+00040.000000,-00020.000000
					Vertex   +00016.568542,+00040.000000,+00020.000000
					Vertex   +00040.000000,+00016.568542,+00020.000000
					Vertex   +00040.000000,+00016.568542,-00020.000000
				End Polygon
				Begin Polygon Item=Side Link=1
					Origin   +00040.000000,+00016.568542,-00020.000000
