Begin Map
	Begin Level Name=/Game/RestrictedAssets/Maps/WIP/yyy06b-UT2004/yyy06b-UT2004
	Begin Actor Class=Brush Name=BigAdditiveBrush
		Begin Object Name="BrushComponent0"
			RelativeLocation=(X=-3191.418799,Y=-12275.500000,Z=2864.000000)
		End Object
		BrushType=Brush_Add
		Begin Brush Name=Model_6
			Begin PolyList
				Begin Polygon Item=Side LightMapScale=2048.0 Link=0
					Origin   +00000.000000,+00000.000000,+00000.000000
					Normal   -00001.000000,+00000.000000,+00000.000000
					TextureU +00000.000000,+00001.000000,+00000.000000
					TextureV +00000.000000,+00000.000000,-00001.000000
					Vertex   -17515.881201,-20271.500000,-08884.000000
					Vertex   -17515.881201,-20271.500000,+08884.000000
					Vertex   -17515.881201,+20271.500000,+08884.000000
					Vertex   -17515.881201,+20271.500000,-08884.000000
				End Polygon
				Begin Polygon Item=Side LightMapScale=2048.0 Link=1
					Origin   +00000.000000,+00000.000000,+00000.000000
					Normal   +00000.000000,+00001.000000,+00000.000000
					TextureU +00001.000000,+00000.000000,+00000.000000
					TextureV +00000.000000,+00000.000000,-00001.000000
					Vertex   -17515.881201,+20271.500000,-08884.000000
					Vertex   -17515.881201,+20271.500000,+08884.000000
					Vertex   +17515.881201,+20271.500000,+08884.000000
					Vertex   +17515.881201,+20271.500000,-08884.000000
				End Polygon
				Begin Polygon Item=Side LightMapScale=2048.0 Link=2
					Origin   +00000.000000,+00000.000000,+00000.000000
					Normal   +00001.000000,+00000.000000,+00000.000000
					TextureU +00000.000000,-00001.000000,+00000.000000
					TextureV +00000.000000,+00000.000000,-00001.000000
					Vertex   +17515.881201,+20271.500000,-08884.000000
					Vertex   +17515.881201,+20271.500000,+08884.000000
					Vertex   +17515.881201,-20271.500000,+08884.000000
					Vertex   +17515.881201,-20271.500000,-08884.000000
				End Polygon
				Begin Polygon Item=Side LightMapScale=2048.0 Link=3
					Origin   +00000.000000,+00000.000000,+00000.000000
					Normal   +00000.000000,-00001.000000,+00000.000000
					TextureU -00001.000000,+00000.000000,+00000.000000
					TextureV +00000.000000,+00000.000000,-00001.000000
					Vertex   +17515.881201,-20271.500000,-08884.000000
					Vertex   +17515.881201,-20271.500000,+08884.000000
					Vertex   -17515.881201,-20271.500000,+08884.000000
					Vertex   -17515.881201,-20271.500000,-08884.000000
				End Polygon
				Begin Polygon Item=Side LightMapScale=2048.0 Link=4
					Origin   +00000.000000,+00000.000000,+00000.000000
					Normal   +00000.000000,+00000.000000,+00001.000000
					TextureU +00001.000000,+00000.000000,+00000.000000
					TextureV +00000.000000,+00001.000000,+00000.000000
					Vertex   -17515.881201,+20271.500000,+08884.000000
					Vertex   -17515.881201,-20271.500000,+08884.000000
					Vertex   +17515.881201,-20271.500000,+08884.000000
					Vertex   +17515.881201,+20271.500000,+08884.000000
				End Polygon
				Begin Polygon Item=Side LightMapScale=2048.0 Link=5
					Origin   +00000.000000,+00000.000000,+00000.000000
					Normal   +00000.000000,+00000.000000,-00001.000000
					TextureU +00001.000000,+00000.000000,+00000.000000
					TextureV +00000.000000,-00001.000000,+00000.000000
					Vertex   -17515.881201,-20271.500000,-08884.000000
					Vertex   -17515.881201,+20271.500000,-08884.000000
					Vertex   +17515.881201,+20271.500000,-08884.000000
					Vertex   +17515.881201,-20271.500000,-08884.000000
				End Polygon
			End PolyList
		End Brush
		Brush=Model'Model_6'
		BrushComponent=BrushComponent0
		ActorLabel="BigAdditiveBrush"
	End Actor
	Begin Actor Class=Note Name=LevelInfo13_Note
		Begin Object Class=SceneComponent Name="SceneComp"
		End Object
		Begin Object Name="SceneComp"
			RelativeLocation=(X=0.000000,Y=0.000000,Z=0.000000)
		End Object
		Text=""
		RootComponent=SceneComp
		SpriteScale=4.0
		ActorLabel="LevelInfo13_Note"
	End Actor
	Begin Actor Class=Brush Name=Brush132_Brush
		Begin Object Name="BrushComponent0"
			RelativeLocation=(X=-10844.300000,Y=-17679.800000,Z=-79.074800)
		End Object
		BrushType=Brush_Add
		Begin Brush Name=Model_6
			Begin PolyList
				Begin Polygon Item=Side LightMapScale=128.0 Link=0
					Origin   +00585.412781,-00177.582916,-00256.000000
					Normal   +00000.881921,-00000.471397,+00000.000000
					TextureU -00000.471397,-00000.881921,+00000.000000
					TextureV +00000.000000,+00000.000000,-00001.000000
					Vertex   +00585.412781,-00177.582916,-00256.000000
					Vertex   +00585.412781,-00177.582916,+00256.000000
					Vertex   +00472.892822,-00388.092987,+00256.000000
					Vertex   +00472.892822,-00388.092987,-00256.000000
				End Polygon
				Begin Polygon Item=Side LightMapScale=128.0 Link=1
					Origin   +00472.892822,-00388.092987,-00256.000000
					Normal   +00000.634393,-00000.773010,+00000.000000
					TextureU -00000.773010,-00000.634393,+00000.000000
					TextureV +00000.000000,+00000.000000,-00001.000000
					Vertex   +00472.892822,-00388.092987,-00256.000000
					Vertex   +00472.892822,-00388.092987,+00256.000000
					Vertex   +00288.379242,-00539.519409,+00256.000000
					Vertex   +00288.379242,-00539.519409,-00256.000000
				End Polygon
				Begin Polygon Item=Side LightMapScale=128.0 Link=2
					Origin   +00288.379242,-00539.519409,-00256.000000
					Normal   +00000.290285,-00000.956940,+00000.000000
					TextureU -00000.956940,-00000.290285,+00000.000000
					TextureV +00000.000000,+00000.000000,-00001.000000
					Vertex   +00288.379242,-00539.519409,-00256.000000
					Vertex   +00288.379242,-00539.519409,+00256.000000
					Vertex   +00059.962494,-00608.808899,+00256.000000
					Vertex   +00059.962494,-00608.808899,-00256.000000
				End Polygon
				Begin Polygon Item=Side LightMapScale=128.0 Link=3
					Origin   +00059.962494,-00608.808899,-00256.000000
					Normal   -00000.098017,-00000.995185,+00000.000000
					TextureU -00000.995185,+00000.098017,+00000.000000
					TextureV +00000.000000,+00000.000000,-00001.000000
					Vertex   +00059.962494,-00608.808899,-00256.000000
					Vertex   +00059.962494,-00608.808899,+00256.000000
					Vertex   -00177.582916,-00585.412781,+00256.000000
					Vertex   -00177.582916,-00585.412781,-00256.000000
				End Polygon
				Begin Polygon Item=Side LightMapScale=128.0 Link=4
					Origin   -00177.582916,-00585.412781,-00256.000000
					Normal   -00000.471397,-00000.881921,+00000.000000
					TextureU -00000.881921,+00000.471397,+00000.000000
					TextureV +00000.000000,+00000.000000,-00001.000000
					Vertex   -00177.582916,-00585.412781,-00256.000000
					Vertex   -00177.582916,-00585.412781,+00256.000000
					Vertex   -00388.093048,-00472.892792,+00256.000000
					Vertex   -00388.093048,-00472.892792,-00256.000000
				End Polygon
				Begin Polygon Item=Side LightMapScale=128.0 Link=5
					Origin   -00388.093048,-00472.892792,-00256.000000
					Normal   -00000.773010,-00000.634393,+00000.000000
					TextureU -00000.634393,+00000.773010,+00000.000000
					TextureV +00000.000000,+00000.000000,-00001.000000
					Vertex   -00388.093048,-00472.892792,-00256.000000
					Vertex   -00388.093048,-00472.892792,+00256.000000
					Vertex   -00539.519409,-00288.379242,+00256.000000
					Vertex   -00539.519409,-00288.379242,-00256.000000
				End Polygon
				Begin Polygon Item=Side LightMapScale=128.0 Link=6
					Origin   -00539.519409,-00288.379242,-00256.000000
					Normal   -00000.956940,-00000.290285,+00000.000000
					TextureU -00000.290285,+00000.956940,+00000.000000
					TextureV +00000.000000,+00000.000000,-00001.000000
					Vertex   -00539.519409,-00288.379242,-00256.000000
					Vertex   -00539.519409,-00288.379242,+00256.000000
					Vertex   -00608.808899,-00059.962540,+00256.000000
					Vertex   -00608.808899,-00059.962540,-00256.000000
				End Polygon
				Begin Polygon Item=Side LightMapScale=128.0 Link=7
					Origin   -00608.808899,-00059.962540,-00256.000000
					Normal   -00000.995185,+00000.098017,+00000.000000
					TextureU +00000.098017,+00000.995185,+00000.000000
					TextureV +00000.000000,+00000.000000,-00001.000000
					Vertex   -00608.808899,-00059.962540,-00256.000000
					Vertex   -00608.808899,-00059.962540,+00256.000000
					Vertex   -00585.412720,+00177.583008,+00256.000000
					Vertex   -00585.412720,+00177.583008,-00256.000000
				End Polygon
				Begin Polygon Item=Side LightMapScale=128.0 Link=8
					Origin   -00585.412720,+00177.583008,-00256.000000
					Normal   -00000.881921,+00000.471397,+00000.000000
					TextureU +00000.471397,+00000.881921,+00000.000000
					TextureV +00000.000000,+00000.000000,-00001.000000
					Vertex   -00585.412720,+00177.583008,-00256.000000
					Vertex   -00585.412720,+00177.583008,+00256.000000
					Vertex   -00472.892792,+00388.093018,+00256.000000
					Vertex   -00472.892792,+00388.093018,-00256.000000
				End Polygon
				Begin Polygon Item=Side LightMapScale=128.0 Link=9
					Origin   -00472.892792,+00388.093018,-00256.000000
					Normal   -00000.634393,+00000.773010,+00000.000000
					TextureU +00000.773010,+00000.634393,+00000.000000
					TextureV +00000.000000,+00000.000000,-00001.000000
					Vertex   -00472.892792,+00388.093018,-00256.000000
					Vertex   -00472.892792,+00388.093018,+00256.000000
					Vertex   -00288.379089,+00539.519531,+00256.000000
					Vertex   -00288.379089,+00539.519531,-00256.000000
				End Polygon
				Begin Polygon Item=Side LightMapScale=128.0 Link=10
					Origin   -00288.379089,+00539.519531,-00256.000000
					Normal   -00000.290285,+00000.956940,+00000.000000
					TextureU +00000.956940,+00000.290285,+00000.000000
					TextureV +00000.000000,+00000.000000,-00001.000000
					Vertex   -00288.379089,+00539.519531,-00256.000000
					Vertex   -00288.379089,+00539.519531,+00256.000000
					Vertex   -00059.962585,+00608.808899,+00256.000000
					Vertex   -00059.962585,+00608.808899,-00256.000000
				End Polygon
				Begin Polygon Item=Side LightMapScale=128.0 Link=11
					Origin   -00059.962585,+00608.808899,-00256.000000
					Normal   +00000.098017,+00000.995185,+00000.000000
					TextureU +00000.995185,-00000.098017,+00000.000000
					TextureV +00000.000000,+00000.000000,-00001.000000
					Vertex   -00059.962585,+00608.808899,-00256.000000
					Vertex   -00059.962585,+00608.808899,+00256.000000
					Vertex   +00177.582977,+00585.412781,+00256.000000
					Vertex   +00177.582977,+00585.412781,-00256.000000
				End Polygon
				Begin Polygon Item=Side LightMapScale=128.0 Link=12
					Origin   +00177.582977,+00585.412781,-00256.000000
					Normal   +00000.471397,+00000.881921,+00000.000000
					TextureU +00000.881921,-00000.471397,+00000.000000
					TextureV +00000.000000,+00000.000000,-00001.000000
					Vertex   +00177.582977,+00585.412781,-00256.000000
					Vertex   +00177.582977,+00585.412781,+00256.000000
					Vertex   +00388.093079,+00472.892731,+00256.000000
					Vertex   +00388.093079,+00472.892731,-00256.000000
				End Polygon
				Begin Polygon Item=Side LightMapScale=128.0 Link=13
					Origin   +00388.093079,+00472.892731,-00256.000000
					Normal   +00000.773010,+00000.634393,+00000.000000
					TextureU +00000.634393,-00000.773010,+00000.000000
					TextureV +00000.000000,+00000.000000,-00001.000000
					Vertex   +00388.093079,+00472.892731,-00256.000000
					Vertex   +00388.093079,+00472.892731,+00256.000000
					Vertex   +00539.519409,+00288.379303,+00256.000000
					Vertex   +00539.519409,+00288.379303,-00256.000000
				End Polygon
				Begin Polygon Item=Side LightMapScale=128.0 Link=14
					Origin   +00539.519409,+00288.379303,-00256.000000
					Normal   +00000.956940,+00000.290285,+00000.000000
					TextureU +00000.290285,-00000.956940,+00000.000000
					TextureV +00000.000000,+00000.000000,-00001.000000
					Vertex   +00539.519409,+00288.379303,-00256.000000
					Vertex   +00539.519409,+00288.379303,+00256.000000
					Vertex   +00608.808899,+00059.962494,+00256.000000
					Vertex   +00608.808899,+00059.962494,-00256.000000
				End Polygon
				Begin Polygon Item=Side LightMapScale=128.0 Link=15
					Origin   +00608.808899,+00059.962494,-00256.000000
					Normal   +00000.995185,-00000.098017,+00000.000000
					TextureU -00000.098017,-00000.995185,+00000.000000
					TextureV +00000.000000,+00000.000000,-00001.000000
					Vertex   +00608.808899,+00059.962494,-00256.000000
					Vertex   +00608.808899,+00059.962494,+00256.000000
					Vertex   +00585.412781,-00177.582916,+00256.000000
					Vertex   +00585.412781,-00177.582916,-00256.000000
				End Polygon
				Begin Polygon Item=Side LightMapScale=128.0 Link=16
					Origin   +00394.077362,-00323.410828,-00256.000000
					Normal   -00000.881921,+00000.471397,+00000.000000
					TextureU +00000.471396,+00000.881921,+00000.000000
					TextureV +00000.000000,+00000.000000,-00001.000000
					Vertex   +00394.077362,-00323.410828,-00256.000000
					Vertex   +00394.077362,-00323.410828,+00256.000000
					Vertex   +00487.843964,-00147.985764,+00256.000000
					Vertex   +00487.843964,-00147.985764,-00256.000000
				End Polygon
				Begin Polygon Item=Side LightMapScale=128.0 Link=17
					Origin   +00240.316025,-00449.599548,-00256.000000
					Normal   -00000.634393,+00000.773010,+00000.000000
					TextureU +00000.773010,+00000.634393,+00000.000000
					TextureV +00000.000000,+00000.000000,-00001.000000
					Vertex   +00240.316025,-00449.599548,-00256.000000
					Vertex   +00240.316025,-00449.599548,+00256.000000
					Vertex   +00394.077362,-00323.410828,+00256.000000
					Vertex   +00394.077362,-00323.410828,-00256.000000
				End Polygon
				Begin Polygon Item=Side LightMapScale=128.0 Link=18
					Origin   +00049.968742,-00507.340790,-00256.000000
					Normal   -00000.290285,+00000.956940,+00000.000000
					TextureU +00000.956940,+00000.290285,+00000.000000
					TextureV +00000.000000,+00000.000000,-00001.000000
					Vertex   +00049.968742,-00507.340790,-00256.000000
					Vertex   +00049.968742,-00507.340790,+00256.000000
					Vertex   +00240.316025,-00449.599548,+00256.000000
					Vertex   +00240.316025,-00449.599548,-00256.000000
				End Polygon
				Begin Polygon Item=Side LightMapScale=128.0 Link=19
					Origin   -00147.985764,-00487.843964,-00256.000000
					Normal   +00000.098017,+00000.995185,+00000.000000
					TextureU +00000.995185,-00000.098017,+00000.000000
					TextureV +00000.000000,+00000.000000,-00001.000000
					Vertex   -00147.985764,-00487.843964,-00256.000000
					Vertex   -00147.985764,-00487.843964,+00256.000000
					Vertex   +00049.968742,-00507.340790,+00256.000000
					Vertex   +00049.968742,-00507.340790,-00256.000000
				End Polygon
				Begin Polygon Item=Side LightMapScale=128.0 Link=20
					Origin   -00323.410889,-00394.077332,-00256.000000
					Normal   +00000.471397,+00000.881921,+00000.000000
					TextureU +00000.881921,-00000.471396,+00000.000000
					TextureV +00000.000000,+00000.000000,-00001.000000
					Vertex   -00323.410889,-00394.077332,-00256.000000
					Vertex   -00323.410889,-00394.077332,+00256.000000
					Vertex   -00147.985764,-00487.843964,+00256.000000
					Vertex   -00147.985764,-00487.843964,-00256.000000
				End Polygon
				Begin Polygon Item=Side LightMapScale=128.0 Link=21
					Origin   -00449.599548,-00240.316025,-00256.000000
					Normal   +00000.773010,+00000.634393,+00000.000000
					TextureU +00000.634393,-00000.773010,+00000.000000
					TextureV +00000.000000,+00000.000000,-00001.000000
					Vertex   -00449.599548,-00240.316025,-00256.000000
					Vertex   -00449.599548,-00240.316025,+00256.000000
					Vertex   -00323.410889,-00394.077332,+00256.000000
					Vertex   -00323.410889,-00394.077332,-00256.000000
				End Polygon
				Begin Polygon Item=Side LightMapScale=128.0 Link=22
					Origin   -00507.340790,-00049.968781,-00256.000000
					Normal   +00000.956940,+00000.290285,+00000.000000
					TextureU +00000.290285,-00000.956940,+00000.000000
					TextureV +00000.000000,+00000.000000,-00001.000000
					Vertex   -00507.340790,-00049.968781,-00256.000000
					Vertex   -00507.340790,-00049.968781,+00256.000000
					Vertex   -00449.599548,-00240.316025,+00256.000000
					Vertex   -00449.599548,-00240.316025,-00256.000000
				End Polygon
				Begin Polygon Item=Side LightMapScale=128.0 Link=23
					Origin   -00487.843964,+00147.985840,-00256.000000
					Normal   +00000.995185,-00000.098017,+00000.000000
					TextureU -00000.098017,-00000.995185,+00000.000000
					TextureV +00000.000000,+00000.000000,-00001.000000
					Vertex   -00487.843964,+00147.985840,-00256.000000
					Vertex   -00487.843964,+00147.985840,+00256.000000
					Vertex   -00507.340790,-00049.968781,+00256.000000
					Vertex   -00507.340790,-00049.968781,-00256.000000
				End Polygon
				Begin Polygon Item=Side LightMapScale=128.0 Link=24
					Origin   -00394.077332,+00323.410858,-00256.000000
					Normal   +00000.881921,-00000.471397,+00000.000000
					TextureU -00000.471397,-00000.881921,+00000.000000
					TextureV +00000.000000,+00000.000000,-00001.000000
					Vertex   -00394.077332,+00323.410858,-00256.000000
					Vertex   -00394.077332,+00323.410858,+00256.000000
					Vertex   -00487.843964,+00147.985840,+00256.000000
					Vertex   -00487.843964,+00147.985840,-00256.000000
				End Polygon
				Begin Polygon Item=Side LightMapScale=128.0 Link=25
					Origin   -00240.315933,+00449.599609,-00256.000000
					Normal   +00000.634393,-00000.773010,+00000.000000
					TextureU -00000.773010,-00000.634393,+00000.000000
					TextureV +00000.000000,+00000.000000,-00001.000000
					Vertex   -00240.315933,+00449.599609,-00256.000000
					Vertex   -00240.315933,+00449.599609,+00256.000000
					Vertex   -00394.077332,+00323.410858,+00256.000000
					Vertex   -00394.077332,+00323.410858,-00256.000000
				End Polygon
				Begin Polygon Item=Side LightMapScale=128.0 Link=26
					Origin   -00049.968819,+00507.340759,-00256.000000
					Normal   +00000.290285,-00000.956940,+00000.000000
					TextureU -00000.956940,-00000.290285,+00000.000000
					TextureV +00000.000000,+00000.000000,-00001.000000
					Vertex   -00049.968819,+00507.340759,-00256.000000
					Vertex   -00049.968819,+00507.340759,+00256.000000
					Vertex   -00240.315933,+00449.599609,+00256.000000
					Vertex   -00240.315933,+00449.599609,-00256.000000
				End Polygon
				Begin Polygon Item=Side LightMapScale=128.0 Link=27
					Origin   +00147.985809,+00487.843964,-00256.000000
					Normal   -00000.098017,-00000.995185,+00000.000000
					TextureU -00000.995185,+00000.098017,+00000.000000
					TextureV +00000.000000,+00000.000000,-00001.000000
					Vertex   +00147.985809,+00487.843964,-00256.000000
					Vertex   +00147.985809,+00487.843964,+00256.000000
					Vertex   -00049.968819,+00507.340759,+00256.000000
					Vertex   -00049.968819,+00507.340759,-00256.000000
				End Polygon
				Begin Polygon Item=Side LightMapScale=128.0 Link=28
					Origin   +00323.410919,+00394.077301,-00256.000000
					Normal   -00000.471397,-00000.881921,+00000.000000
					TextureU -00000.881921,+00000.471397,+00000.000000
					TextureV +00000.000000,+00000.000000,-00001.000000
					Vertex   +00323.410919,+00394.077301,-00256.000000
					Vertex   +00323.410919,+00394.077301,+00256.000000
					Vertex   +00147.985809,+00487.843964,+00256.000000
					Vertex   +00147.985809,+00487.843964,-00256.000000
				End Polygon
				Begin Polygon Item=Side LightMapScale=128.0 Link=29
					Origin   +00449.599518,+00240.316086,-00256.000000
					Normal   -00000.773010,-00000.634393,+00000.000000
					TextureU -00000.634393,+00000.773010,+00000.000000
					TextureV +00000.000000,+00000.000000,-00001.000000
					Vertex   +00449.599518,+00240.316086,-00256.000000
					Vertex   +00449.599518,+00240.316086,+00256.000000
					Vertex   +00323.410919,+00394.077301,+00256.000000
					Vertex   +00323.410919,+00394.077301,-00256.000000
				End Polygon
				Begin Polygon Item=Side LightMapScale=128.0 Link=30
					Origin   +00507.340790,+00049.968742,-00256.000000
					Normal   -00000.956940,-00000.290285,+00000.000000
					TextureU -00000.290285,+00000.956940,+00000.000000
					TextureV +00000.000000,+00000.000000,-00001.000000
					Vertex   +00507.340790,+00049.968742,-00256.000000
					Vertex   +00507.340790,+00049.968742,+00256.000000
					Vertex   +00449.599518,+00240.316086,+00256.000000
					Vertex   +00449.599518,+00240.316086,-00256.000000
				End Polygon
				Begin Polygon Item=Side LightMapScale=128.0 Link=31
					Origin   +00487.843964,-00147.985764,-00256.000000
					Normal   -00000.995185,+00000.098017,+00000.000000
					TextureU +00000.098017,+00000.995185,+00000.000000
					TextureV +00000.000000,+00000.000000,-00001.000000
					Vertex   +00487.843964,-00147.985764,-00256.000000
					Vertex   +00487.843964,-00147.985764,+00256.000000
					Vertex   +00507.340790,+00049.968742,+00256.000000
					Vertex   +00507.340790,+00049.968742,-00256.000000
				End Polygon
				Begin Polygon Item=Side LightMapScale=128.0 Link=32
					Origin   +00487.843964,-00147.985764,+00256.000000
					Normal   +00000.000000,+00000.000000,+00001.000000
					TextureU +00000.881921,-00000.471396,+00000.000000
					TextureV +00000.471396,+00000.881921,+00000.000000
					Vertex   +00487.843964,-00147.985764,+00256.000000
					Vertex   +00394.077362,-00323.410828,+00256.000000
					Vertex   +00472.892822,-00388.092987,+00256.000000
					Vertex   +00585.412781,-00177.582916,+00256.000000
				End Polygon
				Begin Polygon Item=Side LightMapScale=128.0 Link=33
					Origin   +00394.077362,-00323.410828,+00256.000000
					Normal   +00000.000000,+00000.000000,+00001.000000
					TextureU +00000.634393,-00000.773010,+00000.000000
					TextureV +00000.773010,+00000.634393,+00000.000000
					Vertex   +00394.077362,-00323.410828,+00256.000000
					Vertex   +00240.316025,-00449.599548,+00256.000000
					Vertex   +00288.379242,-00539.519409,+00256.000000
					Vertex   +00472.892822,-00388.092987,+00256.000000
				End Polygon
				Begin Polygon Item=Side LightMapScale=128.0 Link=34
					Origin   +00240.316025,-00449.599548,+00256.000000
					Normal   +00000.000000,+00000.000000,+00001.000000
					TextureU +00000.290285,-00000.956940,+00000.000000
					TextureV +00000.956940,+00000.290285,+00000.000000
					Vertex   +00240.316025,-00449.599548,+00256.000000
					Vertex   +00049.968742,-00507.340790,+00256.000000
					Vertex   +00059.962494,-00608.808899,+00256.000000
					Vertex   +00288.379242,-00539.519409,+00256.000000
				End Polygon
				Begin Polygon Item=Side LightMapScale=128.0 Link=35
					Origin   +00049.968742,-00507.340790,+00256.000000
					Normal   +00000.000000,+00000.000000,+00001.000000
					TextureU -00000.098017,-00000.995185,+00000.000000
					TextureV +00000.995185,-00000.098017,+00000.000000
					Vertex   +00049.968742,-00507.340790,+00256.000000
					Vertex   -00147.985764,-00487.843964,+00256.000000
					Vertex   -00177.582916,-00585.412781,+00256.000000
					Vertex   +00059.962494,-00608.808899,+00256.000000
				End Polygon
				Begin Polygon Item=Side LightMapScale=128.0 Link=36
					Origin   -00147.985764,-00487.843964,+00256.000000
					Normal   +00000.000000,+00000.000000,+00001.000000
					TextureU -00000.471396,-00000.881921,+00000.000000
					TextureV +00000.881921,-00000.471396,+00000.000000
					Vertex   -00147.985764,-00487.843964,+00256.000000
					Vertex   -00323.410889,-00394.077332,+00256.000000
					Vertex   -00388.093048,-00472.892792,+00256.000000
					Vertex   -00177.582916,-00585.412781,+00256.000000
				End Polygon
				Begin Polygon Item=Side LightMapScale=128.0 Link=37
					Origin   -00323.410889,-00394.077332,+00256.000000
					Normal   +00000.000000,+00000.000000,+00001.000000
					TextureU -00000.773010,-00000.634393,+00000.000000
					TextureV +00000.634393,-00000.773010,+00000.000000
					Vertex   -00323.410889,-00394.077332,+00256.000000
					Vertex   -00449.599548,-00240.316025,+00256.000000
					Vertex   -00539.519409,-00288.379242,+00256.000000
					Vertex   -00388.093048,-00472.892792,+00256.000000
				End Polygon
				Begin Polygon Item=Side LightMapScale=128.0 Link=38
					Origin   -00449.599548,-00240.316025,+00256.000000
					Normal   +00000.000000,+00000.000000,+00001.000000
					TextureU -00000.956940,-00000.290285,+00000.000000
					TextureV +00000.290285,-00000.956940,+00000.000000
					Vertex   -00449.599548,-00240.316025,+00256.000000
					Vertex   -00507.340790,-00049.968781,+00256.000000
					Vertex   -00608.808899,-00059.962540,+00256.000000
					Vertex   -00539.519409,-00288.379242,+00256.000000
				End Polygon
				Begin Polygon Item=Side LightMapScale=128.0 Link=39
					Origin   -00507.340790,-00049.968781,+00256.000000
					Normal   +00000.000000,+00000.000000,+00001.000000
					TextureU -00000.995185,+00000.098017,+00000.000000
					TextureV -00000.098017,-00000.995185,+00000.000000
					Vertex   -00507.340790,-00049.968781,+00256.000000
					Vertex   -00487.843964,+00147.985840,+00256.000000
					Vertex   -00585.412720,+00177.583008,+00256.000000
					Vertex   -00608.808899,-00059.962540,+00256.000000
				End Polygon
				Begin Polygon Item=Side LightMapScale=128.0 Link=40
					Origin   -00487.843964,+00147.985840,+00256.000000
					Normal   +00000.000000,+00000.000000,+00001.000000
					TextureU -00000.881921,+00000.471397,+00000.000000
					TextureV -00000.471397,-00000.881921,+00000.000000
					Vertex   -00487.843964,+00147.985840,+00256.000000
					Vertex   -00394.077332,+00323.410858,+00256.000000
					Vertex   -00472.892792,+00388.093018,+00256.000000
					Vertex   -00585.412720,+00177.583008,+00256.000000
				End Polygon
				Begin Polygon Item=Side LightMapScale=128.0 Link=41
					Origin   -00394.077332,+00323.410858,+00256.000000
					Normal   +00000.000000,+00000.000000,+00001.000000
					TextureU -00000.634393,+00000.773010,+00000.000000
					TextureV -00000.773010,-00000.634393,+00000.000000
					Vertex   -00394.077332,+00323.410858,+00256.000000
					Vertex   -00240.315933,+00449.599609,+00256.000000
					Vertex   -00288.379089,+00539.519531,+00256.000000
					Vertex   -00472.892792,+00388.093018,+00256.000000
				End Polygon
				Begin Polygon Item=Side LightMapScale=128.0 Link=42
					Origin   -00240.315933,+00449.599609,+00256.000000
					Normal   +00000.000000,+00000.000000,+00001.000000
					TextureU -00000.290285,+00000.956940,+00000.000000
					TextureV -00000.956940,-00000.290285,+00000.000000
					Vertex   -00240.315933,+00449.599609,+00256.000000
					Vertex   -00049.968819,+00507.340759,+00256.000000
					Vertex   -00059.962585,+00608.808899,+00256.000000
					Vertex   -00288.379089,+00539.519531,+00256.000000
				End Polygon
				Begin Polygon Item=Side LightMapScale=128.0 Link=43
					Origin   -00049.968819,+00507.340759,+00256.000000
					Normal   +00000.000000,+00000.000000,+00001.000000
					TextureU +00000.098017,+00000.995185,+00000.000000
					TextureV -00000.995185,+00000.098017,+00000.000000
					Vertex   -00049.968819,+00507.340759,+00256.000000
					Vertex   +00147.985809,+00487.843964,+00256.000000
					Vertex   +00177.582977,+00585.412781,+00256.000000
					Vertex   -00059.962585,+00608.808899,+00256.000000
				End Polygon
				Begin Polygon Item=Side LightMapScale=128.0 Link=44
					Origin   +00147.985809,+00487.843964,+00256.000000
					Normal   +00000.000000,+00000.000000,+00001.000000
					TextureU +00000.471397,+00000.881921,+00000.000000
					TextureV -00000.881921,+00000.471397,+00000.000000
					Vertex   +00147.985809,+00487.843964,+00256.000000
					Vertex   +00323.410919,+00394.077301,+00256.000000
					Vertex   +00388.093079,+00472.892731,+00256.000000
					Vertex   +00177.582977,+00585.412781,+00256.000000
				End Polygon
				Begin Polygon Item=Side LightMapScale=128.0 Link=45
					Origin   +00323.410919,+00394.077301,+00256.000000
					Normal   +00000.000000,+00000.000000,+00001.000000
					TextureU +00000.773010,+00000.634393,+00000.000000
					TextureV -00000.634393,+00000.773010,+00000.000000
					Vertex   +00323.410919,+00394.077301,+00256.000000
					Vertex   +00449.599518,+00240.316086,+00256.000000
					Vertex   +00539.519409,+00288.379303,+00256.000000
					Vertex   +00388.093079,+00472.892731,+00256.000000
				End Polygon
				Begin Polygon Item=Side LightMapScale=128.0 Link=46
					Origin   +00449.599518,+00240.316086,+00256.000000
					Normal   +00000.000000,+00000.000000,+00001.000000
					TextureU +00000.956940,+00000.290285,+00000.000000
					TextureV -00000.290285,+00000.956940,+00000.000000
					Vertex   +00449.599518,+00240.316086,+00256.000000
					Vertex   +00507.340790,+00049.968742,+00256.000000
					Vertex   +00608.808899,+00059.962494,+00256.000000
					Vertex   +00539.519409,+00288.379303,+00256.000000
				End Polygon
				Begin Polygon Item=Side LightMapScale=128.0 Link=47
					Origin   +00507.340790,+00049.968742,+00256.000000
					Normal   +00000.000000,+00000.000000,+00001.000000
					TextureU +00000.995185,-00000.098017,+00000.000000
					TextureV +00000.098017,+00000.995185,+00000.000000
					Vertex   +00507.340790,+00049.968742,+00256.000000
					Vertex   +00487.843964,-00147.985764,+00256.000000
					Vertex   +00585.412781,-00177.582916,+00256.000000
					Vertex   +00608.808899,+00059.962494,+00256.000000
				End Polygon
				Begin Polygon Item=Side LightMapScale=128.0 Link=48
					Origin   +00585.412781,-00177.582916,-00256.000000
					Normal   +00000.000000,+00000.000000,-00001.000000
					TextureU -00000.881921,+00000.471397,+00000.000000
					TextureV +00000.471397,+00000.881921,+00000.000000
					Vertex   +00585.412781,-00177.582916,-00256.000000
					Vertex   +00472.892822,-00388.092987,-00256.000000
					Vertex   +00394.077362,-00323.410828,-00256.000000
					Vertex   +00487.843964,-00147.985764,-00256.000000
				End Polygon
				Begin Polygon Item=Side LightMapScale=128.0 Link=49
					Origin   +00472.892822,-00388.092987,-00256.000000
					Normal   +00000.000000,+00000.000000,-00001.000000
					TextureU -00000.634393,+00000.773010,+00000.000000
					TextureV +00000.773010,+00000.634393,+00000.000000
					Vertex   +00472.892822,-00388.092987,-00256.000000
					Vertex   +00288.379242,-00539.519409,-00256.000000
					Vertex   +00240.316025,-00449.599548,-00256.000000
					Vertex   +00394.077362,-00323.410828,-00256.000000
				End Polygon
				Begin Polygon Item=Side LightMapScale=128.0 Link=50
					Origin   +00288.379242,-00539.519409,-00256.000000
					Normal   +00000.000000,+00000.000000,-00001.000000
					TextureU -00000.290285,+00000.956940,+00000.000000
					TextureV +00000.956940,+00000.290285,+00000.000000
					Vertex   +00288.379242,-00539.519409,-00256.000000
					Vertex   +00059.962494,-00608.808899,-00256.000000
					Vertex   +00049.968742,-00507.340790,-00256.000000
					Vertex   +00240.316025,-00449.599548,-00256.000000
				End Polygon
				Begin Polygon Item=Side LightMapScale=128.0 Link=51
					Origin   +00059.962494,-00608.808899,-00256.000000
					Normal   +00000.000000,+00000.000000,-00001.000000
					TextureU +00000.098017,+00000.995185,+00000.000000
					TextureV +00000.995185,-00000.098017,+00000.000000
					Vertex   +00059.962494,-00608.808899,-00256.000000
					Vertex   -00177.582916,-00585.412781,-00256.000000
					Vertex   -00147.985764,-00487.843964,-00256.000000
					Vertex   +00049.968742,-00507.340790,-00256.000000
				End Polygon
				Begin Polygon Item=Side LightMapScale=128.0 Link=52
					Origin   -00177.582916,-00585.412781,-00256.000000
					Normal   +00000.000000,+00000.000000,-00001.000000
					TextureU +00000.471397,+00000.881921,+00000.000000
					TextureV +00000.881921,-00000.471397,+00000.000000
					Vertex   -00177.582916,-00585.412781,-00256.000000
					Vertex   -00388.093048,-00472.892792,-00256.000000
					Vertex   -00323.410889,-00394.077332,-00256.000000
					Vertex   -00147.985764,-00487.843964,-00256.000000
				End Polygon
				Begin Polygon Item=Side LightMapScale=128.0 Link=53
					Origin   -00388.093048,-00472.892792,-00256.000000
					Normal   +00000.000000,+00000.000000,-00001.000000
					TextureU +00000.773010,+00000.634393,+00000.000000
					TextureV +00000.634393,-00000.773010,+00000.000000
					Vertex   -00388.093048,-00472.892792,-00256.000000
					Vertex   -00539.519409,-00288.379242,-00256.000000
					Vertex   -00449.599548,-00240.316025,-00256.000000
					Vertex   -00323.410889,-00394.077332,-00256.000000
				End Polygon
				Begin Polygon Item=Side LightMapScale=128.0 Link=54
					Origin   -00539.519409,-00288.379242,-00256.000000
					Normal   +00000.000000,+00000.000000,-00001.000000
					TextureU +00000.956940,+00000.290285,+00000.000000
					TextureV +00000.290285,-00000.956940,+00000.000000
					Vertex   -00539.519409,-00288.379242,-00256.000000
					Vertex   -00608.808899,-00059.962540,-00256.000000
					Vertex   -00507.340790,-00049.968781,-00256.000000
					Vertex   -00449.599548,-00240.316025,-00256.000000
				End Polygon
				Begin Polygon Item=Side LightMapScale=128.0 Link=55
					Origin   -00608.808899,-00059.962540,-00256.000000
					Normal   +00000.000000,+00000.000000,-00001.000000
					TextureU +00000.995185,-00000.098017,+00000.000000
					TextureV -00000.098017,-00000.995185,+00000.000000
					Vertex   -00608.808899,-00059.962540,-00256.000000
					Vertex   -00585.412720,+00177.583008,-00256.000000
					Vertex   -00487.843964,+00147.985840,-00256.000000
					Vertex   -00507.340790,-00049.968781,-00256.000000
				End Polygon
				Begin Polygon Item=Side LightMapScale=128.0 Link=56
					Origin   -00585.412720,+00177.583008,-00256.000000
					Normal   +00000.000000,+00000.000000,-00001.000000
					TextureU +00000.881921,-00000.471397,+00000.000000
					TextureV -00000.471397,-00000.881921,+00000.000000
					Vertex   -00585.412720,+00177.583008,-00256.000000
					Vertex   -00472.892792,+00388.093018,-00256.000000
					Vertex   -00394.077332,+00323.410858,-00256.000000
					Vertex   -00487.843964,+00147.985840,-00256.000000
				End Polygon
				Begin Polygon Item=Side LightMapScale=128.0 Link=57
					Origin   -00472.892792,+00388.093018,-00256.000000
					Normal   +00000.000000,+00000.000000,-00001.000000
					TextureU +00000.634393,-00000.773010,+00000.000000
					TextureV -00000.773010,-00000.634393,+00000.000000
					Vertex   -00472.892792,+00388.093018,-00256.000000
					Vertex   -00288.379089,+00539.519531,-00256.000000
					Vertex   -00240.315933,+00449.599609,-00256.000000
					Vertex   -00394.077332,+00323.410858,-00256.000000
				End Polygon
				Begin Polygon Item=Side LightMapScale=128.0 Link=58
					Origin   -00288.379089,+00539.519531,-00256.000000
					Normal   +00000.000000,+00000.000000,-00001.000000
					TextureU +00000.290285,-00000.956940,+00000.000000
					TextureV -00000.956940,-00000.290285,+00000.000000
					Vertex   -00288.379089,+00539.519531,-00256.000000
					Vertex   -00059.962585,+00608.808899,-00256.000000
					Vertex   -00049.968819,+00507.340759,-00256.000000
					Vertex   -00240.315933,+00449.599609,-00256.000000
				End Polygon
				Begin Polygon Item=Side LightMapScale=128.0 Link=59
					Origin   -00059.962585,+00608.808899,-00256.000000
					Normal   +00000.000000,+00000.000000,-00001.000000
					TextureU -00000.098017,-00000.995185,+00000.000000
					TextureV -00000.995185,+00000.098017,+00000.000000
					Vertex   -00059.962585,+00608.808899,-00256.000000
					Vertex   +00177.582977,+00585.412781,-00256.000000
					Vertex   +00147.985809,+00487.843964,-00256.000000
					Vertex   -00049.968819,+00507.340759,-00256.000000
				End Polygon
				Begin Polygon Item=Side LightMapScale=128.0 Link=60
					Origin   +00177.582977,+00585.412781,-00256.000000
					Normal   +00000.000000,+00000.000000,-00001.000000
					TextureU -00000.471397,-00000.881921,+00000.000000
					TextureV -00000.881921,+00000.471397,+00000.000000
					Vertex   +00177.582977,+00585.412781,-00256.000000
					Vertex   +00388.093079,+00472.892731,-00256.000000
					Vertex   +00323.410919,+00394.077301,-00256.000000
					Vertex   +00147.985809,+00487.843964,-00256.000000
				End Polygon
				Begin Polygon Item=Side LightMapScale=128.0 Link=61
					Origin   +00388.093079,+00472.892731,-00256.000000
					Normal   +00000.000000,+00000.000000,-00001.000000
					TextureU -00000.773010,-00000.634393,+00000.000000
					TextureV -00000.634393,+00000.773010,+00000.000000
					Vertex   +00388.093079,+00472.892731,-00256.000000
					Vertex   +00539.519409,+00288.379303,-00256.000000
					Vertex   +00449.599518,+00240.316086,-00256.000000
					Vertex   +00323.410919,+00394.077301,-00256.000000
				End Polygon
				Begin Polygon Item=Side LightMapScale=128.0 Link=62
					Origin   +00539.519409,+00288.379303,-00256.000000
					Normal   +00000.000000,+00000.000000,-00001.000000
					TextureU -00000.956940,-00000.290285,+00000.000000
					TextureV -00000.290285,+00000.956940,+00000.000000
					Vertex   +00539.519409,+00288.379303,-00256.000000
					Vertex   +00608.808899,+00059.962494,-00256.000000
					Vertex   +00507.340790,+00049.968742,-00256.000000
					Vertex   +00449.599518,+00240.316086,-00256.000000
				End Polygon
				Begin Polygon Item=Side LightMapScale=128.0 Link=63
					Origin   +00608.808899,+00059.962494,-00256.000000
					Normal   +00000.000000,+00000.000000,-00001.000000
					TextureU -00000.995185,+00000.098017,+00000.000000
					TextureV +00000.098017,+00000.995185,+00000.000000
					Vertex   +00608.808899,+00059.962494,-00256.000000
					Vertex   +00585.412781,-00177.582916,-00256.000000
					Vertex   +00487.843964,-00147.985764,-00256.000000
					Vertex   +00507.340790,+00049.968742,-00256.000000
				End Polygon
			End PolyList
		End Brush
		Brush=Model'Model_6'
		BrushComponent=BrushComponent0
		ActorLabel="Brush132_Brush"
		Tags(0)="Brush"
	End Actor
	Begin Actor Class=Brush Name=Brush7_Brush
		Begin Object Name="BrushComponent0"
			RelativeLocation=(X=10864.000000,Y=-19872.000000,Z=896.000000)
		End Object
		BrushType=Brush_Subtract
		Begin Brush Name=Model_6
			Begin PolyList
				Begin Polygon Item=Side Texture=/Game/Materials/upperkashyyyk_textures/K5Bridge/Ka_Twigs_Mat.Ka_Twigs_Mat LightMapScale=128.0 Link=0
					Origin   -00128.000000,-00128.000000,-00128.000000
					Normal   -00001.000000,+00000.000000,+00000.000000
					TextureU +00000.000000,+00001.000000,+00000.000000
					TextureV +00000.000000,+00000.000000,-00001.000000
					Vertex   +00000.000000,-00000.000094,-01215.999512
					Vertex   +00000.000000,-00000.000094,+00000.000488
					Vertex   +00000.000000,+00815.999906,+00000.000488
					Vertex   +00000.000000,+00815.999906,-01215.999512
				End Polygon
				Begin Polygon Item=Side Texture=/Game/Materials/upperkashyyyk_textures/K5Bridge/Ka_Twigs_Mat.Ka_Twigs_Mat LightMapScale=128.0 Link=1
					Origin   -00128.000000,+00128.000000,-00128.000000
					Normal   +00000.000000,+00001.000000,+00000.000000
					TextureU +00001.000000,+00000.000000,+00000.000000
					TextureV +00000.000000,+00000.000000,-00001.000000
					Vertex   +00000.000000,+00815.999906,-01215.999512
					Vertex   +00000.000000,+00815.999906,+00000.000488
					Vertex   +01936.000000,+00815.999906,+00000.000488
					Vertex   +01936.000000,+00815.999906,-01215.999512
				End Polygon
				Begin Polygon Item=Side Texture=/Game/Materials/upperkashyyyk_textures/K5Bridge/Ka_Twigs_Mat.Ka_Twigs_Mat LightMapScale=128.0 Link=2
					Origin   +00128.000000,+00128.000000,-00128.000000
					Normal   +00001.000000,+00000.000000,+00000.000000
					TextureU +00000.000000,-00001.000000,+00000.000000
					TextureV +00000.000000,+00000.000000,-00001.000000
					Vertex   +01936.000000,+00815.999906,-01215.999512
					Vertex   +01936.000000,+00815.999906,+00000.000488
					Vertex   +01936.000000,-00000.000094,+00000.000488
					Vertex   +01936.000000,-00000.000094,-01215.999512
				End Polygon
				Begin Polygon Item=Side Texture=/Game/Materials/upperkashyyyk_textures/K5Bridge/Ka_Twigs_Mat.Ka_Twigs_Mat LightMapScale=128.0 Link=3
					Origin   +00128.000000,-00128.000000,-00128.000000
					Normal   +00000.000000,-00001.000000,+00000.000000
					TextureU -00001.000000,+00000.000000,+00000.000000
					TextureV +00000.000000,+00000.000000,-00001.000000
					Vertex   +01936.000000,-00000.000094,-01215.999512
