Begin Map
	Begin Level Name=/Game/RestrictedAssets/Maps/WIP/yyy06a-UT2004/yyy06a-UT2004
	Begin Actor Class=Brush Name=BigAdditiveBrush
		Begin Object Name="BrushComponent0"
			RelativeLocation=(X=12691.500187,Y=-6000.475000,Z=655.995000)
		End Object
		BrushType=Brush_Add
		Begin Brush Name=Model_6
			Begin PolyList
				Begin Polygon Item=Side LightMapScale=2048.0 Link=0
					Origin   +00000.000000,+00000.000000,+00000.000000
					Normal   -00001.000000,+00000.000000,+00000.000000
					TextureU +00000.000000,+00001.000000,+00000.000000
					TextureV +00000.000000,+00000.000000,-00001.000000
					Vertex   -18555.500188,-34121.525000,-04499.995000
					Vertex   -18555.500188,-34121.525000,+04499.995000
					Vertex   -18555.500188,+34121.525000,+04499.995000
					Vertex   -18555.500188,+34121.525000,-04499.995000
				End Polygon
				Begin Polygon Item=Side LightMapScale=2048.0 Link=1
					Origin   +00000.000000,+00000.000000,+00000.000000
					Normal   +00000.000000,+00001.000000,+00000.000000
					TextureU +00001.000000,+00000.000000,+00000.000000
					TextureV +00000.000000,+00000.000000,-00001.000000
					Vertex   -18555.500188,+34121.525000,-04499.995000
					Vertex   -18555.500188,+34121.525000,+04499.995000
					Vertex   +18555.500188,+34121.525000,+04499.995000
					Vertex   +18555.500188,+34121.525000,-04499.995000
				End Polygon
				Begin Polygon Item=Side LightMapScale=2048.0 Link=2
					Origin   +00000.000000,+00000.000000,+00000.000000
					Normal   +00001.000000,+00000.000000,+00000.000000
					TextureU +00000.000000,-00001.000000,+00000.000000
					TextureV +00000.000000,+00000.000000,-00001.000000
					Vertex   +18555.500188,+34121.525000,-04499.995000
					Vertex   +18555.500188,+34121.525000,+04499.995000
					Vertex   +18555.500188,-34121.525000,+04499.995000
					Vertex   +18555.500188,-34121.525000,-04499.995000
				End Polygon
				Begin Polygon Item=Side LightMapScale=2048.0 Link=3
					Origin   +00000.000000,+00000.000000,+00000.000000
					Normal   +00000.000000,-00001.000000,+00000.000000
					TextureU -00001.000000,+00000.000000,+00000.000000
					TextureV +00000.000000,+00000.000000,-00001.000000
					Vertex   +18555.500188,-34121.525000,-04499.995000
					Vertex   +18555.500188,-34121.525000,+04499.995000
					Vertex   -18555.500188,-34121.525000,+04499.995000
					Vertex   -18555.500188,-34121.525000,-04499.995000
				End Polygon
				Begin Polygon Item=Side LightMapScale=2048.0 Link=4
					Origin   +00000.000000,+00000.000000,+00000.000000
					Normal   +00000.000000,+00000.000000,+00001.000000
					TextureU +00001.000000,+00000.000000,+00000.000000
					TextureV +00000.000000,+00001.000000,+00000.000000
					Vertex   -18555.500188,+34121.525000,+04499.995000
					Vertex   -18555.500188,-34121.525000,+04499.995000
					Vertex   +18555.500188,-34121.525000,+04499.995000
					Vertex   +18555.500188,+34121.525000,+04499.995000
				End Polygon
				Begin Polygon Item=Side LightMapScale=2048.0 Link=5
					Origin   +00000.000000,+00000.000000,+00000.000000
					Normal   +00000.000000,+00000.000000,-00001.000000
					TextureU +00001.000000,+00000.000000,+00000.000000
					TextureV +00000.000000,-00001.000000,+00000.000000
					Vertex   -18555.500188,-34121.525000,-04499.995000
					Vertex   -18555.500188,+34121.525000,-04499.995000
					Vertex   +18555.500188,+34121.525000,-04499.995000
					Vertex   +18555.500188,-34121.525000,-04499.995000
				End Polygon
			End PolyList
		End Brush
		Brush=Model'Model_6'
		BrushComponent=BrushComponent0
		ActorLabel="BigAdditiveBrush"
	End Actor
	Begin Actor Class=Note Name=LevelInfo13_Note
		Begin Object Class=SceneComponent Name="SceneComp"
		End Object
		Begin Object Name="SceneComp"
			RelativeLocation=(X=0.000000,Y=0.000000,Z=0.000000)
		End Object
		Text=""
		RootComponent=SceneComp
		SpriteScale=4.0
		ActorLabel="LevelInfo13_Note"
	End Actor
	Begin Actor Class=Brush Name=Brush52_Brush
		Begin Object Name="BrushComponent0"
			RelativeLocation=(X=131.000000,Y=1474.000000,Z=-58.000000)
		End Object
		BrushType=Brush_Add
		Begin Brush Name=Model_6
			Begin PolyList
				Begin Polygon Item=Side LightMapScale=128.0 Link=0
					Origin   +00058.989120,+00900.000000,-00128.000000
					Normal   +00000.130527,+00000.991445,+00000.000000
					TextureU +00000.991445,-00000.130527,+00000.000000
					TextureV +00000.000000,+00000.000000,-00001.000000
					Vertex   +00058.989120,+00900.000000,-00128.000000
					Vertex   +00058.989120,+00900.000000,+00128.000000
					Vertex   +00175.958023,+00884.600708,+00128.000000
					Vertex   +00175.958023,+00884.600708,-00128.000000
				End Polygon
				Begin Polygon Item=Side LightMapScale=128.0 Link=1
					Origin   +00175.958023,+00884.600708,-00128.000000
					Normal   +00000.258819,+00000.965926,+00000.000000
					TextureU +00000.965926,-00000.258819,+00000.000000
					TextureV +00000.000000,+00000.000000,-00001.000000
					Vertex   +00175.958023,+00884.600708,-00128.000000
					Vertex   +00175.958023,+00884.600708,+00128.000000
					Vertex   +00289.916260,+00854.065735,+00128.000000
					Vertex   +00289.916260,+00854.065735,-00128.000000
				End Polygon
				Begin Polygon Item=Side LightMapScale=128.0 Link=2
					Origin   +00289.916260,+00854.065735,-00128.000000
					Normal   +00000.382683,+00000.923880,+00000.000000
					TextureU +00000.923879,-00000.382683,+00000.000000
					TextureV +00000.000000,+00000.000000,-00001.000000
					Vertex   +00289.916260,+00854.065735,-00128.000000
					Vertex   +00289.916260,+00854.065735,+00128.000000
					Vertex   +00398.913940,+00808.917419,+00128.000000
					Vertex   +00398.913940,+00808.917419,-00128.000000
				End Polygon
				Begin Polygon Item=Side LightMapScale=128.0 Link=3
					Origin   +00398.913940,+00808.917419,-00128.000000
					Normal   +00000.500000,+00000.866025,+00000.000000
					TextureU +00000.866025,-00000.500000,+00000.000000
					TextureV +00000.000000,+00000.000000,-00001.000000
					Vertex   +00398.913940,+00808.917419,-00128.000000
					Vertex   +00398.913940,+00808.917419,+00128.000000
					Vertex   +00501.086090,+00749.928284,+00128.000000
					Vertex   +00501.086090,+00749.928284,-00128.000000
				End Polygon
				Begin Polygon Item=Side LightMapScale=128.0 Link=4
					Origin   +00501.086090,+00749.928284,-00128.000000
					Normal   +00000.608762,+00000.793353,+00000.000000
					TextureU +00000.793353,-00000.608761,+00000.000000
					TextureV +00000.000000,+00000.000000,-00001.000000
					Vertex   +00501.086090,+00749.928284,-00128.000000
					Vertex   +00501.086090,+00749.928284,+00128.000000
					Vertex   +00594.684509,+00678.107666,+00128.000000
					Vertex   +00594.684509,+00678.107666,-00128.000000
				End Polygon
				Begin Polygon Item=Side LightMapScale=128.0 Link=5
					Origin   +00594.684509,+00678.107666,-00128.000000
					Normal   +00000.707107,+00000.707107,+00000.000000
					TextureU +00000.707107,-00000.707107,+00000.000000
					TextureV +00000.000000,+00000.000000,-00001.000000
					Vertex   +00594.684509,+00678.107666,-00128.000000
					Vertex   +00594.684509,+00678.107666,+00128.000000
					Vertex   +00678.107727,+00594.684509,+00128.000000
					Vertex   +00678.107727,+00594.684509,-00128.000000
				End Polygon
				Begin Polygon Item=Side LightMapScale=128.0 Link=6
					Origin   +00678.107727,+00594.684509,-00128.000000
					Normal   +00000.793353,+00000.608761,+00000.000000
					TextureU +00000.608761,-00000.793353,+00000.000000
					TextureV +00000.000000,+00000.000000,-00001.000000
					Vertex   +00678.107727,+00594.684509,-00128.000000
					Vertex   +00678.107727,+00594.684509,+00128.000000
					Vertex   +00749.928284,+00501.086090,+00128.000000
					Vertex   +00749.928284,+00501.086090,-00128.000000
				End Polygon
				Begin Polygon Item=Side LightMapScale=128.0 Link=7
					Origin   +00749.928284,+00501.086090,-00128.000000
					Normal   +00000.866025,+00000.500000,+00000.000000
					TextureU +00000.500000,-00000.866025,+00000.000000
					TextureV +00000.000000,+00000.000000,-00001.000000
					Vertex   +00749.928284,+00501.086090,-00128.000000
					Vertex   +00749.928284,+00501.086090,+00128.000000
					Vertex   +00808.917419,+00398.913910,+00128.000000
					Vertex   +00808.917419,+00398.913910,-00128.000000
				End Polygon
				Begin Polygon Item=Side LightMapScale=128.0 Link=8
					Origin   +00808.917419,+00398.913910,-00128.000000
					Normal   +00000.923880,+00000.382684,+00000.000000
					TextureU +00000.382683,-00000.923879,+00000.000000
					TextureV +00000.000000,+00000.000000,-00001.000000
					Vertex   +00808.917419,+00398.913910,-00128.000000
					Vertex   +00808.917419,+00398.913910,+00128.000000
					Vertex   +00854.065735,+00289.916260,+00128.000000
					Vertex   +00854.065735,+00289.916260,-00128.000000
				End Polygon
				Begin Polygon Item=Side LightMapScale=128.0 Link=9
					Origin   +00854.065735,+00289.916260,-00128.000000
					Normal   +00000.965926,+00000.258819,+00000.000000
					TextureU +00000.258819,-00000.965926,+00000.000000
					TextureV +00000.000000,+00000.000000,-00001.000000
					Vertex   +00854.065735,+00289.916260,-00128.000000
					Vertex   +00854.065735,+00289.916260,+00128.000000
					Vertex   +00884.600769,+00175.957947,+00128.000000
					Vertex   +00884.600769,+00175.957947,-00128.000000
				End Polygon
				Begin Polygon Item=Side LightMapScale=128.0 Link=10
					Origin   +00884.600769,+00175.957947,-00128.000000
					Normal   +00000.991445,+00000.130526,+00000.000000
					TextureU +00000.130526,-00000.991445,+00000.000000
					TextureV +00000.000000,+00000.000000,-00001.000000
					Vertex   +00884.600769,+00175.957947,-00128.000000
					Vertex   +00884.600769,+00175.957947,+00128.000000
					Vertex   +00900.000000,+00058.989174,+00128.000000
					Vertex   +00900.000000,+00058.989174,-00128.000000
				End Polygon
				Begin Polygon Item=Side LightMapScale=128.0 Link=11
					Origin   +00900.000000,+00058.989174,-00128.000000
					Normal   +00001.000000,+00000.000000,+00000.000000
					TextureU +00000.000000,-00001.000000,+00000.000000
					TextureV +00000.000000,+00000.000000,-00001.000000
					Vertex   +00900.000000,+00058.989174,-00128.000000
					Vertex   +00900.000000,+00058.989174,+00128.000000
					Vertex   +00900.000000,-00058.989147,+00128.000000
					Vertex   +00900.000000,-00058.989147,-00128.000000
				End Polygon
				Begin Polygon Item=Side LightMapScale=128.0 Link=12
					Origin   +00900.000000,-00058.989147,-00128.000000
					Normal   +00000.991445,-00000.130526,+00000.000000
					TextureU -00000.130526,-00000.991445,+00000.000000
					TextureV +00000.000000,+00000.000000,-00001.000000
					Vertex   +00900.000000,-00058.989147,-00128.000000
					Vertex   +00900.000000,-00058.989147,+00128.000000
					Vertex   +00884.600708,-00175.958130,+00128.000000
					Vertex   +00884.600708,-00175.958130,-00128.000000
				End Polygon
				Begin Polygon Item=Side LightMapScale=128.0 Link=13
					Origin   +00884.600708,-00175.958130,-00128.000000
					Normal   +00000.965926,-00000.258819,+00000.000000
					TextureU -00000.258819,-00000.965926,+00000.000000
					TextureV +00000.000000,+00000.000000,-00001.000000
					Vertex   +00884.600708,-00175.958130,-00128.000000
					Vertex   +00884.600708,-00175.958130,+00128.000000
					Vertex   +00854.065735,-00289.916229,+00128.000000
					Vertex   +00854.065735,-00289.916229,-00128.000000
				End Polygon
				Begin Polygon Item=Side LightMapScale=128.0 Link=14
					Origin   +00854.065735,-00289.916229,-00128.000000
					Normal   +00000.923880,-00000.382684,+00000.000000
					TextureU -00000.382683,-00000.923879,+00000.000000
					TextureV +00000.000000,+00000.000000,-00001.000000
					Vertex   +00854.065735,-00289.916229,-00128.000000
					Vertex   +00854.065735,-00289.916229,+00128.000000
					Vertex   +00808.917419,-00398.913879,+00128.000000
					Vertex   +00808.917419,-00398.913879,-00128.000000
				End Polygon
				Begin Polygon Item=Side LightMapScale=128.0 Link=15
					Origin   +00808.917419,-00398.913879,-00128.000000
					Normal   +00000.866025,-00000.500000,+00000.000000
					TextureU -00000.500000,-00000.866025,+00000.000000
					TextureV +00000.000000,+00000.000000,-00001.000000
					Vertex   +00808.917419,-00398.913879,-00128.000000
					Vertex   +00808.917419,-00398.913879,+00128.000000
					Vertex   +00749.928223,-00501.086182,+00128.000000
					Vertex   +00749.928223,-00501.086182,-00128.000000
				End Polygon
				Begin Polygon Item=Side LightMapScale=128.0 Link=16
					Origin   +00749.928223,-00501.086182,-00128.000000
					Normal   +00000.793353,-00000.608762,+00000.000000
					TextureU -00000.608762,-00000.793353,+00000.000000
					TextureV +00000.000000,+00000.000000,-00001.000000
					Vertex   +00749.928223,-00501.086182,-00128.000000
					Vertex   +00749.928223,-00501.086182,+00128.000000
					Vertex   +00678.107605,-00594.684570,+00128.000000
					Vertex   +00678.107605,-00594.684570,-00128.000000
				End Polygon
				Begin Polygon Item=Side LightMapScale=128.0 Link=17
					Origin   +00678.107605,-00594.684570,-00128.000000
					Normal   +00000.707107,-00000.707107,+00000.000000
					TextureU -00000.707107,-00000.707107,+00000.000000
					TextureV +00000.000000,+00000.000000,-00001.000000
					Vertex   +00678.107605,-00594.684570,-00128.000000
					Vertex   +00678.107605,-00594.684570,+00128.000000
					Vertex   +00594.684448,-00678.107788,+00128.000000
					Vertex   +00594.684448,-00678.107788,-00128.000000
				End Polygon
				Begin Polygon Item=Side LightMapScale=128.0 Link=18
					Origin   +00594.684448,-00678.107788,-00128.000000
					Normal   +00000.608761,-00000.793353,+00000.000000
					TextureU -00000.793353,-00000.608761,+00000.000000
					TextureV +00000.000000,+00000.000000,-00001.000000
					Vertex   +00594.684448,-00678.107788,-00128.000000
					Vertex   +00594.684448,-00678.107788,+00128.000000
					Vertex   +00501.086029,-00749.928345,+00128.000000
					Vertex   +00501.086029,-00749.928345,-00128.000000
				End Polygon
				Begin Polygon Item=Side LightMapScale=128.0 Link=19
					Origin   +00501.086029,-00749.928345,-00128.000000
					Normal   +00000.500000,-00000.866026,+00000.000000
					TextureU -00000.866026,-00000.500000,+00000.000000
					TextureV +00000.000000,+00000.000000,-00001.000000
					Vertex   +00501.086029,-00749.928345,-00128.000000
					Vertex   +00501.086029,-00749.928345,+00128.000000
					Vertex   +00398.913879,-00808.917419,+00128.000000
					Vertex   +00398.913879,-00808.917419,-00128.000000
				End Polygon
				Begin Polygon Item=Side LightMapScale=128.0 Link=20
					Origin   +00398.913879,-00808.917419,-00128.000000
					Normal   +00000.382684,-00000.923880,+00000.000000
					TextureU -00000.923879,-00000.382683,+00000.000000
					TextureV +00000.000000,+00000.000000,-00001.000000
					Vertex   +00398.913879,-00808.917419,-00128.000000
					Vertex   +00398.913879,-00808.917419,+00128.000000
					Vertex   +00289.916229,-00854.065735,+00128.000000
					Vertex   +00289.916229,-00854.065735,-00128.000000
				End Polygon
				Begin Polygon Item=Side LightMapScale=128.0 Link=21
					Origin   +00289.916229,-00854.065735,-00128.000000
					Normal   +00000.258819,-00000.965926,+00000.000000
					TextureU -00000.965926,-00000.258819,+00000.000000
					TextureV +00000.000000,+00000.000000,-00001.000000
					Vertex   +00289.916229,-00854.065735,-00128.000000
					Vertex   +00289.916229,-00854.065735,+00128.000000
					Vertex   +00175.958008,-00884.600769,+00128.000000
					Vertex   +00175.958008,-00884.600769,-00128.000000
				End Polygon
				Begin Polygon Item=Side LightMapScale=128.0 Link=22
					Origin   +00175.958008,-00884.600769,-00128.000000
					Normal   +00000.130526,-00000.991445,+00000.000000
					TextureU -00000.991445,-00000.130526,+00000.000000
					TextureV +00000.000000,+00000.000000,-00001.000000
					Vertex   +00175.958008,-00884.600769,-00128.000000
					Vertex   +00175.958008,-00884.600769,+00128.000000
					Vertex   +00058.988918,-00900.000000,+00128.000000
					Vertex   +00058.988918,-00900.000000,-00128.000000
				End Polygon
				Begin Polygon Item=Side LightMapScale=128.0 Link=23
					Origin   +00058.988918,-00900.000000,-00128.000000
					Normal   +00000.000000,-00001.000000,+00000.000000
					TextureU -00001.000000,+00000.000000,+00000.000000
					TextureV +00000.000000,+00000.000000,-00001.000000
					Vertex   +00058.988918,-00900.000000,-00128.000000
					Vertex   +00058.988918,-00900.000000,+00128.000000
					Vertex   -00058.989288,-00899.999939,+00128.000000
					Vertex   -00058.989288,-00899.999939,-00128.000000
				End Polygon
				Begin Polygon Item=Side LightMapScale=128.0 Link=24
					Origin   -00058.989288,-00899.999939,-00128.000000
					Normal   -00000.130526,-00000.991445,+00000.000000
					TextureU -00000.991445,+00000.130526,+00000.000000
					TextureV +00000.000000,+00000.000000,-00001.000000
					Vertex   -00058.989288,-00899.999939,-00128.000000
					Vertex   -00058.989288,-00899.999939,+00128.000000
					Vertex   -00175.958176,-00884.600708,+00128.000000
					Vertex   -00175.958176,-00884.600708,-00128.000000
				End Polygon
				Begin Polygon Item=Side LightMapScale=128.0 Link=25
					Origin   -00175.958176,-00884.600708,-00128.000000
					Normal   -00000.258819,-00000.965926,+00000.000000
					TextureU -00000.965926,+00000.258819,+00000.000000
					TextureV +00000.000000,+00000.000000,-00001.000000
					Vertex   -00175.958176,-00884.600708,-00128.000000
					Vertex   -00175.958176,-00884.600708,+00128.000000
					Vertex   -00289.916168,-00854.065735,+00128.000000
					Vertex   -00289.916168,-00854.065735,-00128.000000
				End Polygon
				Begin Polygon Item=Side LightMapScale=128.0 Link=26
					Origin   -00289.916168,-00854.065735,-00128.000000
					Normal   -00000.382683,-00000.923880,+00000.000000
					TextureU -00000.923879,+00000.382683,+00000.000000
					TextureV +00000.000000,+00000.000000,-00001.000000
					Vertex   -00289.916168,-00854.065735,-00128.000000
					Vertex   -00289.916168,-00854.065735,+00128.000000
					Vertex   -00398.914001,-00808.917358,+00128.000000
					Vertex   -00398.914001,-00808.917358,-00128.000000
				End Polygon
				Begin Polygon Item=Side LightMapScale=128.0 Link=27
					Origin   -00398.914001,-00808.917358,-00128.000000
					Normal   -00000.500000,-00000.866025,+00000.000000
					TextureU -00000.866025,+00000.500000,+00000.000000
					TextureV +00000.000000,+00000.000000,-00001.000000
					Vertex   -00398.914001,-00808.917358,-00128.000000
					Vertex   -00398.914001,-00808.917358,+00128.000000
					Vertex   -00501.086121,-00749.928223,+00128.000000
					Vertex   -00501.086121,-00749.928223,-00128.000000
				End Polygon
				Begin Polygon Item=Side LightMapScale=128.0 Link=28
					Origin   -00501.086121,-00749.928223,-00128.000000
					Normal   -00000.608761,-00000.793353,+00000.000000
					TextureU -00000.793353,+00000.608761,+00000.000000
					TextureV +00000.000000,+00000.000000,-00001.000000
					Vertex   -00501.086121,-00749.928223,-00128.000000
					Vertex   -00501.086121,-00749.928223,+00128.000000
					Vertex   -00594.684509,-00678.107666,+00128.000000
					Vertex   -00594.684509,-00678.107666,-00128.000000
				End Polygon
				Begin Polygon Item=Side LightMapScale=128.0 Link=29
					Origin   -00594.684509,-00678.107666,-00128.000000
					Normal   -00000.707107,-00000.707107,+00000.000000
					TextureU -00000.707107,+00000.707107,+00000.000000
					TextureV +00000.000000,+00000.000000,-00001.000000
					Vertex   -00594.684509,-00678.107666,-00128.000000
					Vertex   -00594.684509,-00678.107666,+00128.000000
					Vertex   -00678.107849,-00594.684326,+00128.000000
					Vertex   -00678.107849,-00594.684326,-00128.000000
				End Polygon
				Begin Polygon Item=Side LightMapScale=128.0 Link=30
					Origin   -00678.107849,-00594.684326,-00128.000000
					Normal   -00000.793353,-00000.608761,+00000.000000
					TextureU -00000.608761,+00000.793353,+00000.000000
					TextureV +00000.000000,+00000.000000,-00001.000000
					Vertex   -00678.107849,-00594.684326,-00128.000000
					Vertex   -00678.107849,-00594.684326,+00128.000000
					Vertex   -00749.928467,-00501.085876,+00128.000000
					Vertex   -00749.928467,-00501.085876,-00128.000000
				End Polygon
				Begin Polygon Item=Side LightMapScale=128.0 Link=31
					Origin   -00749.928467,-00501.085876,-00128.000000
					Normal   -00000.866026,-00000.500000,+00000.000000
					TextureU -00000.500000,+00000.866026,+00000.000000
					TextureV +00000.000000,+00000.000000,-00001.000000
					Vertex   -00749.928467,-00501.085876,-00128.000000
					Vertex   -00749.928467,-00501.085876,+00128.000000
					Vertex   -00808.917419,-00398.913940,+00128.000000
					Vertex   -00808.917419,-00398.913940,-00128.000000
				End Polygon
				Begin Polygon Item=Side LightMapScale=128.0 Link=32
					Origin   -00808.917419,-00398.913940,-00128.000000
					Normal   -00000.923880,-00000.382683,+00000.000000
					TextureU -00000.382683,+00000.923880,+00000.000000
					TextureV +00000.000000,+00000.000000,-00001.000000
					Vertex   -00808.917419,-00398.913940,-00128.000000
					Vertex   -00808.917419,-00398.913940,+00128.000000
					Vertex   -00854.065735,-00289.916077,+00128.000000
					Vertex   -00854.065735,-00289.916077,-00128.000000
				End Polygon
				Begin Polygon Item=Side LightMapScale=128.0 Link=33
					Origin   -00854.065735,-00289.916077,-00128.000000
					Normal   -00000.965926,-00000.258819,+00000.000000
					TextureU -00000.258819,+00000.965926,+00000.000000
					TextureV +00000.000000,+00000.000000,-00001.000000
					Vertex   -00854.065735,-00289.916077,-00128.000000
					Vertex   -00854.065735,-00289.916077,+00128.000000
					Vertex   -00884.600708,-00175.958084,+00128.000000
					Vertex   -00884.600708,-00175.958084,-00128.000000
				End Polygon
				Begin Polygon Item=Side LightMapScale=128.0 Link=34
					Origin   -00884.600708,-00175.958084,-00128.000000
					Normal   -00000.991445,-00000.130526,+00000.000000
					TextureU -00000.130526,+00000.991445,+00000.000000
					TextureV +00000.000000,+00000.000000,-00001.000000
					Vertex   -00884.600708,-00175.958084,-00128.000000
					Vertex   -00884.600708,-00175.958084,+00128.000000
					Vertex   -00900.000000,-00058.988987,+00128.000000
					Vertex   -00900.000000,-00058.988987,-00128.000000
				End Polygon
				Begin Polygon Item=Side LightMapScale=128.0 Link=35
					Origin   -00900.000000,-00058.988987,-00128.000000
					Normal   -00001.000000,+00000.000000,+00000.000000
					TextureU +00000.000000,+00001.000000,+00000.000000
					TextureV +00000.000000,+00000.000000,-00001.000000
					Vertex   -00900.000000,-00058.988987,-00128.000000
					Vertex   -00900.000000,-00058.988987,+00128.000000
					Vertex   -00899.999939,+00058.989437,+00128.000000
					Vertex   -00899.999939,+00058.989437,-00128.000000
				End Polygon
				Begin Polygon Item=Side LightMapScale=128.0 Link=36
					Origin   -00899.999939,+00058.989437,-00128.000000
					Normal   -00000.991445,+00000.130526,+00000.000000
					TextureU +00000.130526,+00000.991445,+00000.000000
					TextureV +00000.000000,+00000.000000,-00001.000000
					Vertex   -00899.999939,+00058.989437,-00128.000000
					Vertex   -00899.999939,+00058.989437,+00128.000000
					Vertex   -00884.600708,+00175.958115,+00128.000000
					Vertex   -00884.600708,+00175.958115,-00128.000000
				End Polygon
				Begin Polygon Item=Side LightMapScale=128.0 Link=37
					Origin   -00884.600708,+00175.958115,-00128.000000
					Normal   -00000.965926,+00000.258819,+00000.000000
					TextureU +00000.258819,+00000.965926,+00000.000000
					TextureV +00000.000000,+00000.000000,-00001.000000
					Vertex   -00884.600708,+00175.958115,-00128.000000
					Vertex   -00884.600708,+00175.958115,+00128.000000
					Vertex   -00854.065735,+00289.916107,+00128.000000
					Vertex   -00854.065735,+00289.916107,-00128.000000
				End Polygon
				Begin Polygon Item=Side LightMapScale=128.0 Link=38
					Origin   -00854.065735,+00289.916107,-00128.000000
					Normal   -00000.923880,+00000.382683,+00000.000000
					TextureU +00000.382683,+00000.923879,+00000.000000
					TextureV +00000.000000,+00000.000000,-00001.000000
					Vertex   -00854.065735,+00289.916107,-00128.000000
					Vertex   -00854.065735,+00289.916107,+00128.000000
					Vertex   -00808.917358,+00398.913940,+00128.000000
					Vertex   -00808.917358,+00398.913940,-00128.000000
				End Polygon
				Begin Polygon Item=Side LightMapScale=128.0 Link=39
					Origin   -00808.917358,+00398.913940,-00128.000000
					Normal   -00000.866025,+00000.500000,+00000.000000
					TextureU +00000.500000,+00000.866025,+00000.000000
					TextureV +00000.000000,+00000.000000,-00001.000000
					Vertex   -00808.917358,+00398.913940,-00128.000000
					Vertex   -00808.917358,+00398.913940,+00128.000000
					Vertex   -00749.928162,+00501.086243,+00128.000000
					Vertex   -00749.928162,+00501.086243,-00128.000000
				End Polygon
				Begin Polygon Item=Side LightMapScale=128.0 Link=40
					Origin   -00749.928162,+00501.086243,-00128.000000
					Normal   -00000.793353,+00000.608761,+00000.000000
					TextureU +00000.608761,+00000.793353,+00000.000000
					TextureV +00000.000000,+00000.000000,-00001.000000
					Vertex   -00749.928162,+00501.086243,-00128.000000
					Vertex   -00749.928162,+00501.086243,+00128.000000
					Vertex   -00678.107727,+00594.684509,+00128.000000
					Vertex   -00678.107727,+00594.684509,-00128.000000
				End Polygon
				Begin Polygon Item=Side LightMapScale=128.0 Link=41
					Origin   -00678.107727,+00594.684509,-00128.000000
					Normal   -00000.707107,+00000.707107,+00000.000000
					TextureU +00000.707107,+00000.707107,+00000.000000
					TextureV +00000.000000,+00000.000000,-00001.000000
					Vertex   -00678.107727,+00594.684509,-00128.000000
					Vertex   -00678.107727,+00594.684509,+00128.000000
					Vertex   -00594.684692,+00678.107544,+00128.000000
					Vertex   -00594.684692,+00678.107544,-00128.000000
				End Polygon
				Begin Polygon Item=Side LightMapScale=128.0 Link=42
					Origin   -00594.684692,+00678.107544,-00128.000000
					Normal   -00000.608761,+00000.793354,+00000.000000
					TextureU +00000.793354,+00000.608761,+00000.000000
					TextureV +00000.000000,+00000.000000,-00001.000000
					Vertex   -00594.684692,+00678.107544,-00128.000000
					Vertex   -00594.684692,+00678.107544,+00128.000000
					Vertex   -00501.085754,+00749.928467,+00128.000000
					Vertex   -00501.085754,+00749.928467,-00128.000000
				End Polygon
				Begin Polygon Item=Side LightMapScale=128.0 Link=43
					Origin   -00501.085754,+00749.928467,-00128.000000
					Normal   -00000.500000,+00000.866025,+00000.000000
					TextureU +00000.866025,+00000.500000,+00000.000000
					TextureV +00000.000000,+00000.000000,-00001.000000
					Vertex   -00501.085754,+00749.928467,-00128.000000
					Vertex   -00501.085754,+00749.928467,+00128.000000
					Vertex   -00398.913788,+00808.917480,+00128.000000
					Vertex   -00398.913788,+00808.917480,-00128.000000
				End Polygon
				Begin Polygon Item=Side LightMapScale=128.0 Link=44
					Origin   -00398.913788,+00808.917480,-00128.000000
					Normal   -00000.382683,+00000.923880,+00000.000000
					TextureU +00000.923880,+00000.382683,+00000.000000
					TextureV +00000.000000,+00000.000000,-00001.000000
					Vertex   -00398.913788,+00808.917480,-00128.000000
					Vertex   -00398.913788,+00808.917480,+00128.000000
					Vertex   -00289.915924,+00854.065796,+00128.000000
					Vertex   -00289.915924,+00854.065796,-00128.000000
				End Polygon
				Begin Polygon Item=Side LightMapScale=128.0 Link=45
					Origin   -00289.915924,+00854.065796,-00128.000000
					Normal   -00000.258819,+00000.965926,+00000.000000
					TextureU +00000.965926,+00000.258819,+00000.000000
					TextureV +00000.000000,+00000.000000,-00001.000000
					Vertex   -00289.915924,+00854.065796,-00128.000000
					Vertex   -00289.915924,+00854.065796,+00128.000000
					Vertex   -00175.957947,+00884.600769,+00128.000000
					Vertex   -00175.957947,+00884.600769,-00128.000000
				End Polygon
				Begin Polygon Item=Side LightMapScale=128.0 Link=46
					Origin   -00175.957947,+00884.600769,-00128.000000
					Normal   -00000.130526,+00000.991445,+00000.000000
					TextureU +00000.991445,+00000.130526,+00000.000000
					TextureV +00000.000000,+00000.000000,-00001.000000
					Vertex   -00175.957947,+00884.600769,-00128.000000
					Vertex   -00175.957947,+00884.600769,+00128.000000
					Vertex   -00058.988838,+00900.000000,+00128.000000
					Vertex   -00058.988838,+00900.000000,-00128.000000
				End Polygon
				Begin Polygon Item=Side LightMapScale=128.0 Link=47
					Origin   -00058.988838,+00900.000000,-00128.000000
					Normal   +00000.000000,+00001.000000,+00000.000000
					TextureU +00001.000000,+00000.000000,+00000.000000
					TextureV +00000.000000,+00000.000000,-00001.000000
					Vertex   -00058.988838,+00900.000000,-00128.000000
					Vertex   -00058.988838,+00900.000000,+00128.000000
					Vertex   +00058.989120,+00900.000000,+00128.000000
					Vertex   +00058.989120,+00900.000000,-00128.000000
				End Polygon
				Begin Polygon Item=Side LightMapScale=128.0 Link=48
					Origin   -00058.988838,+00900.000000,+00128.000000
					Normal   +00000.000000,+00000.000000,+00001.000000
					TextureU +00000.130526,-00000.991445,+00000.000000
					TextureV +00000.991445,+00000.130526,+00000.000000
					Vertex   -00058.988838,+00900.000000,+00128.000000
					Vertex   -00175.957947,+00884.600769,+00128.000000
					Vertex   -00289.915924,+00854.065796,+00128.000000
					Vertex   -00398.913788,+00808.917480,+00128.000000
					Vertex   -00501.085754,+00749.928467,+00128.000000
					Vertex   -00594.684692,+00678.107544,+00128.000000
					Vertex   -00678.107727,+00594.684509,+00128.000000
					Vertex   -00749.928162,+00501.086243,+00128.000000
					Vertex   -00808.917358,+00398.913940,+00128.000000
					Vertex   -00854.065735,+00289.916107,+00128.000000
					Vertex   -00884.600708,+00175.958115,+00128.000000
					Vertex   -00899.999939,+00058.989437,+00128.000000
					Vertex   -00900.000000,-00058.988987,+00128.000000
					Vertex   -00884.600708,-00175.958084,+00128.000000
					Vertex   -00854.065735,-00289.916077,+00128.000000
					Vertex   -00808.917419,-00398.913940,+00128.000000
					Vertex   -00749.928467,-00501.085876,+00128.000000
					Vertex   -00678.107849,-00594.684326,+00128.000000
					Vertex   -00594.684509,-00678.107666,+00128.000000
					Vertex   -00501.086121,-00749.928223,+00128.000000
					Vertex   -00398.914001,-00808.917358,+00128.000000
					Vertex   -00289.916168,-00854.065735,+00128.000000
					Vertex   -00175.958176,-00884.600708,+00128.000000
					Vertex   -00058.989288,-00899.999939,+00128.000000
					Vertex   +00058.988918,-00900.000000,+00128.000000
					Vertex   +00175.958008,-00884.600769,+00128.000000
					Vertex   +00289.916229,-00854.065735,+00128.000000
					Vertex   +00398.913879,-00808.917419,+00128.000000
					Vertex   +00501.086029,-00749.928345,+00128.000000
					Vertex   +00594.684448,-00678.107788,+00128.000000
					Vertex   +00678.107605,-00594.684570,+00128.000000
					Vertex   +00749.928223,-00501.086182,+00128.000000
					Vertex   +00808.917419,-00398.913879,+00128.000000
					Vertex   +00854.065735,-00289.916229,+00128.000000
					Vertex   +00884.600708,-00175.958130,+00128.000000
					Vertex   +00900.000000,-00058.989147,+00128.000000
					Vertex   +00900.000000,+00058.989174,+00128.000000
					Vertex   +00884.600769,+00175.957947,+00128.000000
					Vertex   +00854.065735,+00289.916260,+00128.000000
					Vertex   +00808.917419,+00398.913910,+00128.000000
					Vertex   +00749.928284,+00501.086090,+00128.000000
					Vertex   +00678.107727,+00594.684509,+00128.000000
					Vertex   +00594.684509,+00678.107666,+00128.000000
					Vertex   +00501.086090,+00749.928284,+00128.000000
					Vertex   +00398.913940,+00808.917419,+00128.000000
					Vertex   +00289.916260,+00854.065735,+00128.000000
					Vertex   +00175.958023,+00884.600708,+00128.000000
					Vertex   +00058.989120,+00900.000000,+00128.000000
				End Polygon
				Begin Polygon Item=Side LightMapScale=128.0 Link=49
					Origin   +00058.989120,+00900.000000,-00128.000000
					Normal   +00000.000000,+00000.000000,-00001.000000
					TextureU -00000.130527,-00000.991445,+00000.000000
					TextureV -00000.991445,+00000.130527,+00000.000000
					Vertex   +00058.989120,+00900.000000,-00128.000000
					Vertex   +00175.958023,+00884.600708,-00128.000000
					Vertex   +00289.916260,+00854.065735,-00128.000000
					Vertex   +00398.913940,+00808.917419,-00128.000000
					Vertex   +00501.086090,+00749.928284,-00128.000000
					Vertex   +00594.684509,+00678.107666,-00128.000000
					Vertex   +00678.107727,+00594.684509,-00128.000000
					Vertex   +00749.928284,+00501.086090,-00128.000000
					Vertex   +00808.917419,+00398.913910,-00128.000000
					Vertex   +00854.065735,+00289.916260,-00128.000000
					Vertex   +00884.600769,+00175.957947,-00128.000000
					Vertex   +00900.000000,+00058.989174,-00128.000000
					Vertex   +00900.000000,-00058.989147,-00128.000000
					Vertex   +00884.600708,-00175.958130,-00128.000000
					Vertex   +00854.065735,-00289.916229,-00128.000000
					Vertex   +00808.917419,-00398.913879,-00128.000000
					Vertex   +00749.928223,-00501.086182,-00128.000000
					Vertex   +00678.107605,-00594.684570,-00128.000000
					Vertex   +00594.684448,-00678.107788,-00128.000000
					Vertex   +00501.086029,-00749.928345,-00128.000000
					Vertex   +00398.913879,-00808.917419,-00128.000000
					Vertex   +00289.916229,-00854.065735,-00128.000000
					Vertex   +00175.958008,-00884.600769,-00128.000000
					Vertex   +00058.988918,-00900.000000,-00128.000000
					Vertex   -00058.989288,-00899.999939,-00128.000000
					Vertex   -00175.958176,-00884.600708,-00128.000000
					Vertex   -00289.916168,-00854.065735,-00128.000000
					Vertex   -00398.914001,-00808.917358,-00128.000000
					Vertex   -00501.086121,-00749.928223,-00128.000000
					Vertex   -00594.684509,-00678.107666,-00128.000000
					Vertex   -00678.107849,-00594.684326,-00128.000000
					Vertex   -00749.928467,-00501.085876,-00128.000000
					Vertex   -00808.917419,-00398.913940,-00128.000000
					Vertex   -00854.065735,-00289.916077,-00128.000000
					Vertex   -00884.600708,-00175.958084,-00128.000000
					Vertex   -00900.000000,-00058.988987,-00128.000000
					Vertex   -00899.999939,+00058.989437,-00128.000000
					Vertex   -00884.600708,+00175.958115,-00128.000000
					Vertex   -00854.065735,+00289.916107,-00128.000000
					Vertex   -00808.917358,+00398.913940,-00128.000000
					Vertex   -00749.928162,+00501.086243,-00128.000000
					Vertex   -00678.107727,+00594.684509,-00128.000000
					Vertex   -00594.684692,+00678.107544,-00128.000000
					Vertex   -00501.085754,+00749.928467,-00128.000000
					Vertex   -00398.913788,+00808.917480,-00128.000000
					Vertex   -00289.915924,+00854.065796,-00128.000000
					Vertex   -00175.957947,+00884.600769,-00128.000000
					Vertex   -00058.988838,+00900.000000,-00128.000000
				End Polygon
			End PolyList
		End Brush
		Brush=Model'Model_6'
		BrushComponent=BrushComponent0
		ActorLabel="Brush52_Brush"
		Tags(0)="Brush"
	End Actor
	Begin Actor Class=Brush Name=Brush25_Brush
		Begin Object Name="BrushComponent0"
			RelativeLocation=(X=760.000000,Y=688.000000,Z=-1055.000000)
		End Object
		BrushType=Brush_Subtract
		Begin Brush Name=Model_6
			Begin PolyList
				Begin Polygon Item=Side Texture=/Game/Materials/upperkashyyyk_textures_props/Skydomes/Kashyyyk_Dawn_top_Mat.Kashyyyk_Dawn_top_Mat LightMapScale=128.0 Link=0
					Origin   -00128.000000,-00128.000000,-00128.000000
					Normal   -00001.000000,+00000.000000,+00000.000000
					TextureU +00000.000000,+00001.000000,+00000.000000
					TextureV +00000.000000,+00000.000000,-00001.000000
					Vertex   +00000.000000,+00000.000000,-00640.000000
					Vertex   +00000.000000,+00000.000000,+00000.000000
					Vertex   +00000.000000,+01056.000000,+00000.000000
					Vertex   +00000.000000,+01056.000000,-00640.000000
				End Polygon
				Begin Polygon Item=Side Texture=/Game/Materials/upperkashyyyk_textures_props/Skydomes/Kashyyyk_Dawn_top_Mat.Kashyyyk_Dawn_top_Mat LightMapScale=128.0 Link=1
					Origin   -00128.000000,+00128.000000,-00128.000000
					Normal   +00000.000000,+00001.000000,+00000.000000
					TextureU +00001.000000,+00000.000000,+00000.000000
					TextureV +00000.000000,+00000.000000,-00001.000000
					Vertex   +00000.000000,+01056.000000,-00640.000000
					Vertex   +00000.000000,+01056.000000,+00000.000000
					Vertex   +03688.000000,+01056.000000,+00000.000000
					Vertex   +03688.000000,+01056.000000,-00640.000000
				End Polygon
				Begin Polygon Item=Side Texture=/Game/Materials/upperkashyyyk_textures_props/Skydomes/Kashyyyk_Dawn_top_Mat.Kashyyyk_Dawn_top_Mat LightMapScale=128.0 Link=2
					Origin   +00128.000000,+00128.000000,-00128.000000
					Normal   +00001.000000,+00000.000000,+00000.000000
					TextureU +00000.000000,-00001.000000,+00000.000000
					TextureV +00000.000000,+00000.000000,-00001.000000
					Vertex   +03688.000000,+01056.000000,-00640.000000
					Vertex   +03688.000000,+01056.000000,+00000.000000
					Vertex   +03688.000000,+00000.000000,+00000.000000
					Vertex   +03688.000000,+00000.000000,-00640.000000
				End Polygon
				Begin Polygon Item=Side Texture=/Game/Materials/upperkashyyyk_textures_props/Skydomes/Kashyyyk_Dawn_top_Mat.Kashyyyk_Dawn_top_Mat LightMapScale=128.0 Link=3
					Origin   +00128.000000,-00128.000000,-00128.000000
					Normal   +00000.000000,-00001.000000,+00000.000000
					TextureU -00001.000000,+00000.000000,+00000.000000
					TextureV +00000.000000,+00000.000000,-00001.000000
					Vertex   +03688.000000,+00000.000000,-00640.000000
					Vertex   +03688.000000,+00000.000000,+00000.000000
					Vertex   +00000.000000,+00000.000000,+00000.000000
					Vertex   +00000.000000,+00000.000000,-00640.000000
				End Polygon
				Begin Polygon Item=Side Texture=/Game/Materials/upperkashyyyk_textures_props/Skydomes/Kashyyyk_Dawn_top_Mat.Kashyyyk_Dawn_top_Mat LightMapScale=128.0 Link=4
					Origin   -00128.000000,+00128.000000,+00128.000000
					Normal   +00000.000000,+00000.000000,+00001.000000
					TextureU +00001.000000,+00000.000000,+00000.000000
					TextureV +00000.000000,+00001.000000,+00000.000000
					Vertex   +00000.000000,+01056.000000,+00000.000000
					Vertex   +00000.000000,+00000.000000,+00000.000000
					Vertex   +03688.000000,+00000.000000,+00000.000000
					Vertex   +03688.000000,+01056.000000,+00000.000000
				End Polygon
				Begin Polygon Item=Side Texture=/Game/Materials/upperkashyyyk_textures/KashHalls/yyy_hallwallfloorB_Mat.yyy_hallwallfloorB_Mat LightMapScale=128.0 Link=5
					Origin   -00128.000000,-00128.000000,-00128.000000
					Normal   +00000.000000,+00000.000000,-00001.000000
					TextureU +00001.000000,+00000.000000,+00000.000000
					TextureV +00000.000000,-00001.000000,+00000.000000
					Vertex   +00000.000000,+00000.000000,-00640.000000
					Vertex   +00000.000000,+01056.000000,-00640.000000
					Vertex   +03688.000000,+01056.000000,-00640.000000
					Vertex   +03688.000000,+00000.000000,-00640.000000
				End Polygon
			End PolyList
		End Brush
		Brush=Model'Model_6'
		BrushComponent=BrushComponent0
		ActorLabel="Brush25_Brush"
		Tags(0)="Brush"
	End Actor
	Begin Actor Class=StaticMeshActor Name=StaticMeshActor712_StaticMeshActor
		Begin Object Class=StaticMeshComponent Name="StaticMeshComponent0"
		End Object
		Begin Object Name="StaticMeshComponent0"
			StaticMesh=StaticMesh'/Game/StaticMeshes/upperkashyyyk_gm/KashHalls/YYY_WallDev.YYY_WallDev'
			RelativeLocation=(X=823.884000,Y=1225.720000,Z=-1695.100000)
			RelativeScale3D=(X=1.000000,Y=1.000000,Z=1.000000)
			CustomProperties
		End Object
		StaticMeshComponent=StaticMeshComponent0
		RootComponent=StaticMeshComponent0
		ActorLabel="StaticMeshActor712_StaticMeshActor"
		Tags(0)="StaticMeshActor"
	End Actor
	Begin Actor Class=StaticMeshActor Name=StaticMeshActor225_StaticMeshActor
