Begin Map
Begin Actor Class=LevelInfo Name=LevelInfo13
    TimeSeconds=1.08179e+006
    Campaign=LC_YYY
    Summary=LevelSummary'myLevel.LevelSummary'
    VisibleGroups="AI_NAVIGATION,gameplay,Marker_Demolition_Components,Marker_Door_Components,Marker_Snipe_Components,None,SepShipMover,Skydome&Exteriors"
    bPathsRebuilt=True
    bHasPathNodes=True
    bUseBottleneckRegions=True
    CameraLocationDynamic=(X=-934.975,Y=4460.52,Z=-1108.8)
    CameraLocationTop=(X=2838.28,Y=581.535,Z=14520.9)
    CameraLocationFront=(X=4166.49,Y=-0.0131836,Z=89282.1)
    CameraLocationSide=(X=-15102.5,Y=-140.054,Z=3755.84)
    CameraRotationDynamic=(Pitch=63060,Yaw=-210712)
    BattleMusic=SoundMultiple'YYY_Music.YYY_BattleCues.YYY_jwNoTradeFed_megamulti'
    BattleBaddieThreshold=1
    BattleRadiusInner=3000
    BattleRadiusOuter=4500
    BattleCriteria=BATTLECRITERIA_Proximity
    ShadowsEnabled=True
    PreCacheGame="CTGame.CTGameInfoSP"
    NavigationPointList=PathNode'myLevel.PathNode34'
    RegionConnection(0)=BitArray2D'myLevel.BitArray2D126'
    RegionConnection(1)=BitArray2D'myLevel.BitArray2D127'
    RegionConnection(2)=BitArray2D'myLevel.BitArray2D128'
    RegionConnection(3)=BitArray2D'myLevel.BitArray2D129'
    RegionConnection(4)=BitArray2D'myLevel.BitArray2D130'
    RegionConnection(5)=BitArray2D'myLevel.BitArray2D131'
    RegionConnection(6)=BitArray2D'myLevel.BitArray2D132'
    Level=LevelInfo'myLevel.LevelInfo13'
    Region=(Zone=LevelInfo'myLevel.LevelInfo13',iLeaf=-1)
    Tag="LevelInfo"
    Name="LevelInfo13"
End Actor
Begin Actor Class=Brush Name=Brush52
    MainScale=(SheerAxis=SHEER_ZX)
    PostScale=(SheerAxis=SHEER_ZX)
    bMovedInEditor=True
    Level=LevelInfo'myLevel.LevelInfo13'
    Region=(Zone=LevelInfo'myLevel.LevelInfo13',iLeaf=-1)
    Tag="Brush"
    Group="Cylinder"
    Location=(X=131,Y=1474,Z=-58)
    Begin Brush Name=Model509
       Begin PolyList
          Begin Polygon Item=Wall
             Origin   +00058.989120,+00900.000000,-00128.000000
             Normal   +00000.130527,+00000.991445,+00000.000000
             TextureU +00000.991445,-00000.130527,+00000.000000
             TextureV +00000.000000,+00000.000000,-00001.000000
             Vertex   +00058.989120,+00900.000000,-00128.000000
             Vertex   +00058.989120,+00900.000000,+00128.000000
             Vertex   +00175.958023,+00884.600708,+00128.000000
             Vertex   +00175.958023,+00884.600708,-00128.000000
          End Polygon
          Begin Polygon Item=Wall
             Origin   +00175.958023,+00884.600708,-00128.000000
             Normal   +00000.258819,+00000.965926,+00000.000000
             TextureU +00000.965926,-00000.258819,+00000.000000
             TextureV +00000.000000,+00000.000000,-00001.000000
             Vertex   +00175.958023,+00884.600708,-00128.000000
             Vertex   +00175.958023,+00884.600708,+00128.000000
             Vertex   +00289.916260,+00854.065735,+00128.000000
             Vertex   +00289.916260,+00854.065735,-00128.000000
          End Polygon
          Begin Polygon Item=Wall
             Origin   +00289.916260,+00854.065735,-00128.000000
             Normal   +00000.382683,+00000.923880,+00000.000000
             TextureU +00000.923879,-00000.382683,+00000.000000
             TextureV +00000.000000,+00000.000000,-00001.000000
             Vertex   +00289.916260,+00854.065735,-00128.000000
             Vertex   +00289.916260,+00854.065735,+00128.000000
             Vertex   +00398.913940,+00808.917419,+00128.000000
             Vertex   +00398.913940,+00808.917419,-00128.000000
          End Polygon
          Begin Polygon Item=Wall
             Origin   +00398.913940,+00808.917419,-00128.000000
             Normal   +00000.500000,+00000.866025,+00000.000000
             TextureU +00000.866025,-00000.500000,+00000.000000
             TextureV +00000.000000,+00000.000000,-00001.000000
             Vertex   +00398.913940,+00808.917419,-00128.000000
             Vertex   +00398.913940,+00808.917419,+00128.000000
             Vertex   +00501.086090,+00749.928284,+00128.000000
             Vertex   +00501.086090,+00749.928284,-00128.000000
          End Polygon
          Begin Polygon Item=Wall
             Origin   +00501.086090,+00749.928284,-00128.000000
             Normal   +00000.608762,+00000.793353,+00000.000000
             TextureU +00000.793353,-00000.608761,+00000.000000
             TextureV +00000.000000,+00000.000000,-00001.000000
             Vertex   +00501.086090,+00749.928284,-00128.000000
             Vertex   +00501.086090,+00749.928284,+00128.000000
             Vertex   +00594.684509,+00678.107666,+00128.000000
             Vertex   +00594.684509,+00678.107666,-00128.000000
          End Polygon
          Begin Polygon Item=Wall
             Origin   +00594.684509,+00678.107666,-00128.000000
             Normal   +00000.707107,+00000.707107,+00000.000000
             TextureU +00000.707107,-00000.707107,+00000.000000
             TextureV +00000.000000,+00000.000000,-00001.000000
             Vertex   +00594.684509,+00678.107666,-00128.000000
             Vertex   +00594.684509,+00678.107666,+00128.000000
             Vertex   +00678.107727,+00594.684509,+00128.000000
             Vertex   +00678.107727,+00594.684509,-00128.000000
          End Polygon
          Begin Polygon Item=Wall
             Origin   +00678.107727,+00594.684509,-00128.000000
             Normal   +00000.793353,+00000.608761,+00000.000000
             TextureU +00000.608761,-00000.793353,+00000.000000
             TextureV +00000.000000,+00000.000000,-00001.000000
             Vertex   +00678.107727,+00594.684509,-00128.000000
             Vertex   +00678.107727,+00594.684509,+00128.000000
             Vertex   +00749.928284,+00501.086090,+00128.000000
             Vertex   +00749.928284,+00501.086090,-00128.000000
          End Polygon
          Begin Polygon Item=Wall
             Origin   +00749.928284,+00501.086090,-00128.000000
             Normal   +00000.866025,+00000.500000,+00000.000000
             TextureU +00000.500000,-00000.866025,+00000.000000
             TextureV +00000.000000,+00000.000000,-00001.000000
             Vertex   +00749.928284,+00501.086090,-00128.000000
             Vertex   +00749.928284,+00501.086090,+00128.000000
             Vertex   +00808.917419,+00398.913910,+00128.000000
             Vertex   +00808.917419,+00398.913910,-00128.000000
          End Polygon
          Begin Polygon Item=Wall
             Origin   +00808.917419,+00398.913910,-00128.000000
             Normal   +00000.923880,+00000.382684,+00000.000000
             TextureU +00000.382683,-00000.923879,+00000.000000
             TextureV +00000.000000,+00000.000000,-00001.000000
             Vertex   +00808.917419,+00398.913910,-00128.000000
             Vertex   +00808.917419,+00398.913910,+00128.000000
             Vertex   +00854.065735,+00289.916260,+00128.000000
             Vertex   +00854.065735,+00289.916260,-00128.000000
          End Polygon
          Begin Polygon Item=Wall
             Origin   +00854.065735,+00289.916260,-00128.000000
             Normal   +00000.965926,+00000.258819,+00000.000000
             TextureU +00000.258819,-00000.965926,+00000.000000
             TextureV +00000.000000,+00000.000000,-00001.000000
             Vertex   +00854.065735,+00289.916260,-00128.000000
             Vertex   +00854.065735,+00289.916260,+00128.000000
             Vertex   +00884.600769,+00175.957947,+00128.000000
             Vertex   +00884.600769,+00175.957947,-00128.000000
          End Polygon
          Begin Polygon Item=Wall
             Origin   +00884.600769,+00175.957947,-00128.000000
             Normal   +00000.991445,+00000.130526,+00000.000000
             TextureU +00000.130526,-00000.991445,+00000.000000
             TextureV +00000.000000,+00000.000000,-00001.000000
             Vertex   +00884.600769,+00175.957947,-00128.000000
             Vertex   +00884.600769,+00175.957947,+00128.000000
             Vertex   +00900.000000,+00058.989174,+00128.000000
             Vertex   +00900.000000,+00058.989174,-00128.000000
          End Polygon
          Begin Polygon Item=Wall
             Origin   +00900.000000,+00058.989174,-00128.000000
             Normal   +00001.000000,+00000.000000,+00000.000000
             TextureU +00000.000000,-00001.000000,+00000.000000
             TextureV +00000.000000,+00000.000000,-00001.000000
             Vertex   +00900.000000,+00058.989174,-00128.000000
             Vertex   +00900.000000,+00058.989174,+00128.000000
             Vertex   +00900.000000,-00058.989147,+00128.000000
             Vertex   +00900.000000,-00058.989147,-00128.000000
          End Polygon
          Begin Polygon Item=Wall
             Origin   +00900.000000,-00058.989147,-00128.000000
             Normal   +00000.991445,-00000.130526,+00000.000000
             TextureU -00000.130526,-00000.991445,+00000.000000
             TextureV +00000.000000,+00000.000000,-00001.000000
             Vertex   +00900.000000,-00058.989147,-00128.000000
             Vertex   +00900.000000,-00058.989147,+00128.000000
             Vertex   +00884.600708,-00175.958130,+00128.000000
             Vertex   +00884.600708,-00175.958130,-00128.000000
          End Polygon
          Begin Polygon Item=Wall
             Origin   +00884.600708,-00175.958130,-00128.000000
             Normal   +00000.965926,-00000.258819,+00000.000000
             TextureU -00000.258819,-00000.965926,+00000.000000
             TextureV +00000.000000,+00000.000000,-00001.000000
             Vertex   +00884.600708,-00175.958130,-00128.000000
             Vertex   +00884.600708,-00175.958130,+00128.000000
             Vertex   +00854.065735,-00289.916229,+00128.000000
             Vertex   +00854.065735,-00289.916229,-00128.000000
          End Polygon
          Begin Polygon Item=Wall
             Origin   +00854.065735,-00289.916229,-00128.000000
             Normal   +00000.923880,-00000.382684,+00000.000000
             TextureU -00000.382683,-00000.923879,+00000.000000
             TextureV +00000.000000,+00000.000000,-00001.000000
             Vertex   +00854.065735,-00289.916229,-00128.000000
             Vertex   +00854.065735,-00289.916229,+00128.000000
             Vertex   +00808.917419,-00398.913879,+00128.000000
             Vertex   +00808.917419,-00398.913879,-00128.000000
          End Polygon
          Begin Polygon Item=Wall
             Origin   +00808.917419,-00398.913879,-00128.000000
             Normal   +00000.866025,-00000.500000,+00000.000000
             TextureU -00000.500000,-00000.866025,+00000.000000
             TextureV +00000.000000,+00000.000000,-00001.000000
             Vertex   +00808.917419,-00398.913879,-00128.000000
             Vertex   +00808.917419,-00398.913879,+00128.000000
             Vertex   +00749.928223,-00501.086182,+00128.000000
             Vertex   +00749.928223,-00501.086182,-00128.000000
          End Polygon
          Begin Polygon Item=Wall
             Origin   +00749.928223,-00501.086182,-00128.000000
             Normal   +00000.793353,-00000.608762,+00000.000000
             TextureU -00000.608762,-00000.793353,+00000.000000
             TextureV +00000.000000,+00000.000000,-00001.000000
             Vertex   +00749.928223,-00501.086182,-00128.000000
             Vertex   +00749.928223,-00501.086182,+00128.000000
             Vertex   +00678.107605,-00594.684570,+00128.000000
             Vertex   +00678.107605,-00594.684570,-00128.000000
          End Polygon
          Begin Polygon Item=Wall
             Origin   +00678.107605,-00594.684570,-00128.000000
             Normal   +00000.707107,-00000.707107,+00000.000000
             TextureU -00000.707107,-00000.707107,+00000.000000
             TextureV +00000.000000,+00000.000000,-00001.000000
             Vertex   +00678.107605,-00594.684570,-00128.000000
             Vertex   +00678.107605,-00594.684570,+00128.000000
             Vertex   +00594.684448,-00678.107788,+00128.000000
             Vertex   +00594.684448,-00678.107788,-00128.000000
          End Polygon
          Begin Polygon Item=Wall
             Origin   +00594.684448,-00678.107788,-00128.000000
             Normal   +00000.608761,-00000.793353,+00000.000000
             TextureU -00000.793353,-00000.608761,+00000.000000
             TextureV +00000.000000,+00000.000000,-00001.000000
             Vertex   +00594.684448,-00678.107788,-00128.000000
             Vertex   +00594.684448,-00678.107788,+00128.000000
             Vertex   +00501.086029,-00749.928345,+00128.000000
             Vertex   +00501.086029,-00749.928345,-00128.000000
          End Polygon
          Begin Polygon Item=Wall
             Origin   +00501.086029,-00749.928345,-00128.000000
             Normal   +00000.500000,-00000.866026,+00000.000000
             TextureU -00000.866026,-00000.500000,+00000.000000
             TextureV +00000.000000,+00000.000000,-00001.000000
             Vertex   +00501.086029,-00749.928345,-00128.000000
             Vertex   +00501.086029,-00749.928345,+00128.000000
             Vertex   +00398.913879,-00808.917419,+00128.000000
             Vertex   +00398.913879,-00808.917419,-00128.000000
          End Polygon
          Begin Polygon Item=Wall
             Origin   +00398.913879,-00808.917419,-00128.000000
             Normal   +00000.382684,-00000.923880,+00000.000000
             TextureU -00000.923879,-00000.382683,+00000.000000
             TextureV +00000.000000,+00000.000000,-00001.000000
             Vertex   +00398.913879,-00808.917419,-00128.000000
             Vertex   +00398.913879,-00808.917419,+00128.000000
             Vertex   +00289.916229,-00854.065735,+00128.000000
             Vertex   +00289.916229,-00854.065735,-00128.000000
          End Polygon
          Begin Polygon Item=Wall
             Origin   +00289.916229,-00854.065735,-00128.000000
             Normal   +00000.258819,-00000.965926,+00000.000000
             TextureU -00000.965926,-00000.258819,+00000.000000
             TextureV +00000.000000,+00000.000000,-00001.000000
             Vertex   +00289.916229,-00854.065735,-00128.000000
             Vertex   +00289.916229,-00854.065735,+00128.000000
             Vertex   +00175.958008,-00884.600769,+00128.000000
             Vertex   +00175.958008,-00884.600769,-00128.000000
          End Polygon
          Begin Polygon Item=Wall
             Origin   +00175.958008,-00884.600769,-00128.000000
             Normal   +00000.130526,-00000.991445,+00000.000000
             TextureU -00000.991445,-00000.130526,+00000.000000
             TextureV +00000.000000,+00000.000000,-00001.000000
             Vertex   +00175.958008,-00884.600769,-00128.000000
             Vertex   +00175.958008,-00884.600769,+00128.000000
             Vertex   +00058.988918,-00900.000000,+00128.000000
             Vertex   +00058.988918,-00900.000000,-00128.000000
          End Polygon
          Begin Polygon Item=Wall
             Origin   +00058.988918,-00900.000000,-00128.000000
             Normal   -00000.000001,-00001.000000,+00000.000000
             TextureU -00001.000000,+00000.000001,+00000.000000
             TextureV +00000.000000,+00000.000000,-00001.000000
             Vertex   +00058.988918,-00900.000000,-00128.000000
             Vertex   +00058.988918,-00900.000000,+00128.000000
             Vertex   -00058.989288,-00899.999939,+00128.000000
             Vertex   -00058.989288,-00899.999939,-00128.000000
          End Polygon
          Begin Polygon Item=Wall
             Origin   -00058.989288,-00899.999939,-00128.000000
             Normal   -00000.130526,-00000.991445,+00000.000000
             TextureU -00000.991445,+00000.130526,+00000.000000
             TextureV +00000.000000,+00000.000000,-00001.000000
             Vertex   -00058.989288,-00899.999939,-00128.000000
             Vertex   -00058.989288,-00899.999939,+00128.000000
             Vertex   -00175.958176,-00884.600708,+00128.000000
             Vertex   -00175.958176,-00884.600708,-00128.000000
          End Polygon
          Begin Polygon Item=Wall
             Origin   -00175.958176,-00884.600708,-00128.000000
             Normal   -00000.258819,-00000.965926,+00000.000000
             TextureU -00000.965926,+00000.258819,+00000.000000
             TextureV +00000.000000,+00000.000000,-00001.000000
             Vertex   -00175.958176,-00884.600708,-00128.000000
             Vertex   -00175.958176,-00884.600708,+00128.000000
             Vertex   -00289.916168,-00854.065735,+00128.000000
             Vertex   -00289.916168,-00854.065735,-00128.000000
          End Polygon
          Begin Polygon Item=Wall
             Origin   -00289.916168,-00854.065735,-00128.000000
             Normal   -00000.382683,-00000.923880,+00000.000000
             TextureU -00000.923879,+00000.382683,+00000.000000
             TextureV +00000.000000,+00000.000000,-00001.000000
             Vertex   -00289.916168,-00854.065735,-00128.000000
             Vertex   -00289.916168,-00854.065735,+00128.000000
             Vertex   -00398.914001,-00808.917358,+00128.000000
             Vertex   -00398.914001,-00808.917358,-00128.000000
          End Polygon
          Begin Polygon Item=Wall
             Origin   -00398.914001,-00808.917358,-00128.000000
             Normal   -00000.500000,-00000.866025,+00000.000000
             TextureU -00000.866025,+00000.500000,+00000.000000
             TextureV +00000.000000,+00000.000000,-00001.000000
             Vertex   -00398.914001,-00808.917358,-00128.000000
             Vertex   -00398.914001,-00808.917358,+00128.000000
             Vertex   -00501.086121,-00749.928223,+00128.000000
             Vertex   -00501.086121,-00749.928223,-00128.000000
          End Polygon
          Begin Polygon Item=Wall
             Origin   -00501.086121,-00749.928223,-00128.000000
             Normal   -00000.608761,-00000.793353,+00000.000000
             TextureU -00000.793353,+00000.608761,+00000.000000
             TextureV +00000.000000,+00000.000000,-00001.000000
             Vertex   -00501.086121,-00749.928223,-00128.000000
             Vertex   -00501.086121,-00749.928223,+00128.000000
             Vertex   -00594.684509,-00678.107666,+00128.000000
             Vertex   -00594.684509,-00678.107666,-00128.000000
          End Polygon
          Begin Polygon Item=Wall
             Origin   -00594.684509,-00678.107666,-00128.000000
             Normal   -00000.707107,-00000.707107,+00000.000000
             TextureU -00000.707107,+00000.707107,+00000.000000
             TextureV +00000.000000,+00000.000000,-00001.000000
             Vertex   -00594.684509,-00678.107666,-00128.000000
             Vertex   -00594.684509,-00678.107666,+00128.000000
             Vertex   -00678.107849,-00594.684326,+00128.000000
             Vertex   -00678.107849,-00594.684326,-00128.000000
          End Polygon
          Begin Polygon Item=Wall
             Origin   -00678.107849,-00594.684326,-00128.000000
             Normal   -00000.793353,-00000.608761,+00000.000000
             TextureU -00000.608761,+00000.793353,+00000.000000
             TextureV +00000.000000,+00000.000000,-00001.000000
             Vertex   -00678.107849,-00594.684326,-00128.000000
             Vertex   -00678.107849,-00594.684326,+00128.000000
             Vertex   -00749.928467,-00501.085876,+00128.000000
             Vertex   -00749.928467,-00501.085876,-00128.000000
          End Polygon
          Begin Polygon Item=Wall
             Origin   -00749.928467,-00501.085876,-00128.000000
             Normal   -00000.866026,-00000.500000,+00000.000000
             TextureU -00000.500000,+00000.866026,+00000.000000
             TextureV +00000.000000,+00000.000000,-00001.000000
             Vertex   -00749.928467,-00501.085876,-00128.000000
             Vertex   -00749.928467,-00501.085876,+00128.000000
             Vertex   -00808.917419,-00398.913940,+00128.000000
             Vertex   -00808.917419,-00398.913940,-00128.000000
          End Polygon
          Begin Polygon Item=Wall
             Origin   -00808.917419,-00398.913940,-00128.000000
             Normal   -00000.923880,-00000.382683,+00000.000000
             TextureU -00000.382683,+00000.923880,+00000.000000
             TextureV +00000.000000,+00000.000000,-00001.000000
             Vertex   -00808.917419,-00398.913940,-00128.000000
             Vertex   -00808.917419,-00398.913940,+00128.000000
             Vertex   -00854.065735,-00289.916077,+00128.000000
             Vertex   -00854.065735,-00289.916077,-00128.000000
          End Polygon
          Begin Polygon Item=Wall
             Origin   -00854.065735,-00289.916077,-00128.000000
             Normal   -00000.965926,-00000.258819,+00000.000000
             TextureU -00000.258819,+00000.965926,+00000.000000
             TextureV +00000.000000,+00000.000000,-00001.000000
             Vertex   -00854.065735,-00289.916077,-00128.000000
             Vertex   -00854.065735,-00289.916077,+00128.000000
             Vertex   -00884.600708,-00175.958084,+00128.000000
             Vertex   -00884.600708,-00175.958084,-00128.000000
          End Polygon
          Begin Polygon Item=Wall
             Origin   -00884.600708,-00175.958084,-00128.000000
             Normal   -00000.991445,-00000.130526,+00000.000000
             TextureU -00000.130526,+00000.991445,+00000.000000
             TextureV +00000.000000,+00000.000000,-00001.000000
             Vertex   -00884.600708,-00175.958084,-00128.000000
             Vertex   -00884.600708,-00175.958084,+00128.000000
             Vertex   -00900.000000,-00058.988987,+00128.000000
             Vertex   -00900.000000,-00058.988987,-00128.000000
          End Polygon
          Begin Polygon Item=Wall
             Origin   -00900.000000,-00058.988987,-00128.000000
             Normal   -00001.000000,+00000.000001,+00000.000000
             TextureU +00000.000001,+00001.000000,+00000.000000
             TextureV +00000.000000,+00000.000000,-00001.000000
             Vertex   -00900.000000,-00058.988987,-00128.000000
             Vertex   -00900.000000,-00058.988987,+00128.000000
             Vertex   -00899.999939,+00058.989437,+00128.000000
             Vertex   -00899.999939,+00058.989437,-00128.000000
          End Polygon
          Begin Polygon Item=Wall
             Origin   -00899.999939,+00058.989437,-00128.000000
             Normal   -00000.991445,+00000.130526,+00000.000000
             TextureU +00000.130526,+00000.991445,+00000.000000
             TextureV +00000.000000,+00000.000000,-00001.000000
             Vertex   -00899.999939,+00058.989437,-00128.000000
             Vertex   -00899.999939,+00058.989437,+00128.000000
             Vertex   -00884.600708,+00175.958115,+00128.000000
             Vertex   -00884.600708,+00175.958115,-00128.000000
          End Polygon
          Begin Polygon Item=Wall
             Origin   -00884.600708,+00175.958115,-00128.000000
             Normal   -00000.965926,+00000.258819,+00000.000000
             TextureU +00000.258819,+00000.965926,+00000.000000
             TextureV +00000.000000,+00000.000000,-00001.000000
             Vertex   -00884.600708,+00175.958115,-00128.000000
             Vertex   -00884.600708,+00175.958115,+00128.000000
             Vertex   -00854.065735,+00289.916107,+00128.000000
             Vertex   -00854.065735,+00289.916107,-00128.000000
          End Polygon
          Begin Polygon Item=Wall
             Origin   -00854.065735,+00289.916107,-00128.000000
             Normal   -00000.923880,+00000.382683,+00000.000000
             TextureU +00000.382683,+00000.923879,+00000.000000
             TextureV +00000.000000,+00000.000000,-00001.000000
             Vertex   -00854.065735,+00289.916107,-00128.000000
             Vertex   -00854.065735,+00289.916107,+00128.000000
             Vertex   -00808.917358,+00398.913940,+00128.000000
             Vertex   -00808.917358,+00398.913940,-00128.000000
          End Polygon
          Begin Polygon Item=Wall
             Origin   -00808.917358,+00398.913940,-00128.000000
             Normal   -00000.866025,+00000.500000,+00000.000000
             TextureU +00000.500000,+00000.866025,+00000.000000
             TextureV +00000.000000,+00000.000000,-00001.000000
             Vertex   -00808.917358,+00398.913940,-00128.000000
             Vertex   -00808.917358,+00398.913940,+00128.000000
             Vertex   -00749.928162,+00501.086243,+00128.000000
             Vertex   -00749.928162,+00501.086243,-00128.000000
          End Polygon
          Begin Polygon Item=Wall
             Origin   -00749.928162,+00501.086243,-00128.000000
             Normal   -00000.793353,+00000.608761,+00000.000000
             TextureU +00000.608761,+00000.793353,+00000.000000
             TextureV +00000.000000,+00000.000000,-00001.000000
             Vertex   -00749.928162,+00501.086243,-00128.000000
             Vertex   -00749.928162,+00501.086243,+00128.000000
             Vertex   -00678.107727,+00594.684509,+00128.000000
             Vertex   -00678.107727,+00594.684509,-00128.000000
          End Polygon
          Begin Polygon Item=Wall
             Origin   -00678.107727,+00594.684509,-00128.000000
             Normal   -00000.707107,+00000.707107,+00000.000000
             TextureU +00000.707107,+00000.707107,+00000.000000
             TextureV +00000.000000,+00000.000000,-00001.000000
             Vertex   -00678.107727,+00594.684509,-00128.000000
             Vertex   -00678.107727,+00594.684509,+00128.000000
             Vertex   -00594.684692,+00678.107544,+00128.000000
             Vertex   -00594.684692,+00678.107544,-00128.000000
          End Polygon
          Begin Polygon Item=Wall
             Origin   -00594.684692,+00678.107544,-00128.000000
             Normal   -00000.608761,+00000.793354,+00000.000000
             TextureU +00000.793354,+00000.608761,+00000.000000
             TextureV +00000.000000,+00000.000000,-00001.000000
             Vertex   -00594.684692,+00678.107544,-00128.000000
             Vertex   -00594.684692,+00678.107544,+00128.000000
             Vertex   -00501.085754,+00749.928467,+00128.000000
             Vertex   -00501.085754,+00749.928467,-00128.000000
          End Polygon
          Begin Polygon Item=Wall
             Origin   -00501.085754,+00749.928467,-00128.000000
             Normal   -00000.500000,+00000.866025,+00000.000000
             TextureU +00000.866025,+00000.500000,+00000.000000
             TextureV +00000.000000,+00000.000000,-00001.000000
             Vertex   -00501.085754,+00749.928467,-00128.000000
             Vertex   -00501.085754,+00749.928467,+00128.000000
             Vertex   -00398.913788,+00808.917480,+00128.000000
             Vertex   -00398.913788,+00808.917480,-00128.000000
          End Polygon
          Begin Polygon Item=Wall
             Origin   -00398.913788,+00808.917480,-00128.000000
             Normal   -00000.382683,+00000.923880,+00000.000000
             TextureU +00000.923880,+00000.382683,+00000.000000
             TextureV +00000.000000,+00000.000000,-00001.000000
             Vertex   -00398.913788,+00808.917480,-00128.000000
             Vertex   -00398.913788,+00808.917480,+00128.000000
             Vertex   -00289.915924,+00854.065796,+00128.000000
             Vertex   -00289.915924,+00854.065796,-00128.000000
          End Polygon
          Begin Polygon Item=Wall
             Origin   -00289.915924,+00854.065796,-00128.000000
             Normal   -00000.258819,+00000.965926,+00000.000000
             TextureU +00000.965926,+00000.258819,+00000.000000
             TextureV +00000.000000,+00000.000000,-00001.000000
             Vertex   -00289.915924,+00854.065796,-00128.000000
             Vertex   -00289.915924,+00854.065796,+00128.000000
             Vertex   -00175.957947,+00884.600769,+00128.000000
             Vertex   -00175.957947,+00884.600769,-00128.000000
          End Polygon
          Begin Polygon Item=Wall
             Origin   -00175.957947,+00884.600769,-00128.000000
             Normal   -00000.130526,+00000.991445,+00000.000000
             TextureU +00000.991445,+00000.130526,+00000.000000
             TextureV +00000.000000,+00000.000000,-00001.000000
             Vertex   -00175.957947,+00884.600769,-00128.000000
             Vertex   -00175.957947,+00884.600769,+00128.000000
             Vertex   -00058.988838,+00900.000000,+00128.000000
             Vertex   -00058.988838,+00900.000000,-00128.000000
          End Polygon
          Begin Polygon Item=Wall
             Origin   -00058.988838,+00900.000000,-00128.000000
             Normal   +00000.000000,+00001.000000,+00000.000000
             TextureU +00001.000000,+00000.000000,+00000.000000
             TextureV +00000.000000,+00000.000000,-00001.000000
             Vertex   -00058.988838,+00900.000000,-00128.000000
             Vertex   -00058.988838,+00900.000000,+00128.000000
             Vertex   +00058.989120,+00900.000000,+00128.000000
             Vertex   +00058.989120,+00900.000000,-00128.000000
          End Polygon
          Begin Polygon Item=Cap
             Origin   -00058.988838,+00900.000000,+00128.000000
             Normal   +00000.000000,+00000.000000,+00001.000000
             TextureU +00000.130526,-00000.991445,+00000.000000
             TextureV +00000.991445,+00000.130526,+00000.000000
             Vertex   -00058.988838,+00900.000000,+00128.000000
             Vertex   -00175.957947,+00884.600769,+00128.000000
             Vertex   -00289.915924,+00854.065796,+00128.000000
             Vertex   -00398.913788,+00808.917480,+00128.000000
             Vertex   -00501.085754,+00749.928467,+00128.000000
             Vertex   -00594.684692,+00678.107544,+00128.000000
             Vertex   -00678.107727,+00594.684509,+00128.000000
             Vertex   -00749.928162,+00501.086243,+00128.000000
             Vertex   -00808.917358,+00398.913940,+00128.000000
             Vertex   -00854.065735,+00289.916107,+00128.000000
             Vertex   -00884.600708,+00175.958115,+00128.000000
             Vertex   -00899.999939,+00058.989437,+00128.000000
             Vertex   -00900.000000,-00058.988987,+00128.000000
             Vertex   -00884.600708,-00175.958084,+00128.000000
             Vertex   -00854.065735,-00289.916077,+00128.000000
             Vertex   -00808.917419,-00398.913940,+00128.000000
             Vertex   -00749.928467,-00501.085876,+00128.000000
             Vertex   -00678.107849,-00594.684326,+00128.000000
             Vertex   -00594.684509,-00678.107666,+00128.000000
             Vertex   -00501.086121,-00749.928223,+00128.000000
             Vertex   -00398.914001,-00808.917358,+00128.000000
             Vertex   -00289.916168,-00854.065735,+00128.000000
             Vertex   -00175.958176,-00884.600708,+00128.000000
             Vertex   -00058.989288,-00899.999939,+00128.000000
             Vertex   +00058.988918,-00900.000000,+00128.000000
             Vertex   +00175.958008,-00884.600769,+00128.000000
             Vertex   +00289.916229,-00854.065735,+00128.000000
             Vertex   +00398.913879,-00808.917419,+00128.000000
             Vertex   +00501.086029,-00749.928345,+00128.000000
             Vertex   +00594.684448,-00678.107788,+00128.000000
             Vertex   +00678.107605,-00594.684570,+00128.000000
             Vertex   +00749.928223,-00501.086182,+00128.000000
             Vertex   +00808.917419,-00398.913879,+00128.000000
             Vertex   +00854.065735,-00289.916229,+00128.000000
             Vertex   +00884.600708,-00175.958130,+00128.000000
             Vertex   +00900.000000,-00058.989147,+00128.000000
             Vertex   +00900.000000,+00058.989174,+00128.000000
             Vertex   +00884.600769,+00175.957947,+00128.000000
             Vertex   +00854.065735,+00289.916260,+00128.000000
             Vertex   +00808.917419,+00398.913910,+00128.000000
             Vertex   +00749.928284,+00501.086090,+00128.000000
             Vertex   +00678.107727,+00594.684509,+00128.000000
             Vertex   +00594.684509,+00678.107666,+00128.000000
             Vertex   +00501.086090,+00749.928284,+00128.000000
             Vertex   +00398.913940,+00808.917419,+00128.000000
             Vertex   +00289.916260,+00854.065735,+00128.000000
             Vertex   +00175.958023,+00884.600708,+00128.000000
             Vertex   +00058.989120,+00900.000000,+00128.000000
          End Polygon
          Begin Polygon Item=Cap
             Origin   +00058.989120,+00900.000000,-00128.000000
             Normal   +00000.000000,+00000.000000,-00001.000000
             TextureU -00000.130527,-00000.991445,+00000.000000
             TextureV -00000.991445,+00000.130527,+00000.000000
             Vertex   +00058.989120,+00900.000000,-00128.000000
             Vertex   +00175.958023,+00884.600708,-00128.000000
             Vertex   +00289.916260,+00854.065735,-00128.000000
             Vertex   +00398.913940,+00808.917419,-00128.000000
             Vertex   +00501.086090,+00749.928284,-00128.000000
             Vertex   +00594.684509,+00678.107666,-00128.000000
             Vertex   +00678.107727,+00594.684509,-00128.000000
             Vertex   +00749.928284,+00501.086090,-00128.000000
             Vertex   +00808.917419,+00398.913910,-00128.000000
             Vertex   +00854.065735,+00289.916260,-00128.000000
             Vertex   +00884.600769,+00175.957947,-00128.000000
             Vertex   +00900.000000,+00058.989174,-00128.000000
             Vertex   +00900.000000,-00058.989147,-00128.000000
             Vertex   +00884.600708,-00175.958130,-00128.000000
             Vertex   +00854.065735,-00289.916229,-00128.000000
             Vertex   +00808.917419,-00398.913879,-00128.000000
             Vertex   +00749.928223,-00501.086182,-00128.000000
             Vertex   +00678.107605,-00594.684570,-00128.000000
             Vertex   +00594.684448,-00678.107788,-00128.000000
             Vertex   +00501.086029,-00749.928345,-00128.000000
             Vertex   +00398.913879,-00808.917419,-00128.000000
             Vertex   +00289.916229,-00854.065735,-00128.000000
             Vertex   +00175.958008,-00884.600769,-00128.000000
             Vertex   +00058.988918,-00900.000000,-00128.000000
             Vertex   -00058.989288,-00899.999939,-00128.000000
             Vertex   -00175.958176,-00884.600708,-00128.000000
             Vertex   -00289.916168,-00854.065735,-00128.000000
             Vertex   -00398.914001,-00808.917358,-00128.000000
             Vertex   -00501.086121,-00749.928223,-00128.000000
             Vertex   -00594.684509,-00678.107666,-00128.000000
             Vertex   -00678.107849,-00594.684326,-00128.000000
             Vertex   -00749.928467,-00501.085876,-00128.000000
             Vertex   -00808.917419,-00398.913940,-00128.000000
             Vertex   -00854.065735,-00289.916077,-00128.000000
             Vertex   -00884.600708,-00175.958084,-00128.000000
             Vertex   -00900.000000,-00058.988987,-00128.000000
             Vertex   -00899.999939,+00058.989437,-00128.000000
             Vertex   -00884.600708,+00175.958115,-00128.000000
             Vertex   -00854.065735,+00289.916107,-00128.000000
             Vertex   -00808.917358,+00398.913940,-00128.000000
             Vertex   -00749.928162,+00501.086243,-00128.000000
             Vertex   -00678.107727,+00594.684509,-00128.000000
             Vertex   -00594.684692,+00678.107544,-00128.000000
             Vertex   -00501.085754,+00749.928467,-00128.000000
             Vertex   -00398.913788,+00808.917480,-00128.000000
             Vertex   -00289.915924,+00854.065796,-00128.000000
             Vertex   -00175.957947,+00884.600769,-00128.000000
             Vertex   -00058.988838,+00900.000000,-00128.000000
          End Polygon
       End PolyList
    End Brush
    Brush=Model'myLevel.Model509'
    Name="Brush52"
End Actor
Begin Actor Class=Brush Name=Brush25
    CsgOper=CSG_Subtract
    MainScale=(SheerAxis=SHEER_ZX)
    PostScale=(SheerAxis=SHEER_ZX)
    bMovedInEditor=True
    Level=LevelInfo'myLevel.LevelInfo13'
    Region=(Zone=ZoneInfo'myLevel.ZoneInfo2',iLeaf=13,ZoneNumber=3)
    Tag="Brush"
    Location=(X=760,Y=688,Z=-1055)
    Begin Brush Name=Model1551
       Begin PolyList
          Begin Polygon Texture=UpperKashyyyk_Textures_Props.Skydomes.Kashyyyk_Dawn_top
             Origin   -00128.000000,-00128.000000,-00128.000000
             Normal   -00001.000000,+00000.000000,+00000.000000
             TextureU +00000.000000,+00001.000000,+00000.000000
             TextureV +00000.000000,+00000.000000,-00001.000000
             Vertex   -00128.000000,-00128.000000,-03392.000000
             Vertex   -00128.000000,-00128.000000,-02752.000000
             Vertex   -00128.000000,+00928.000000,-02752.000000
             Vertex   -00128.000000,+00928.000000,-03392.000000
          End Polygon
          Begin Polygon Texture=UpperKashyyyk_Textures_Props.Skydomes.Kashyyyk_Dawn_top Flags=128
             Origin   -00128.000000,+00128.000000,-00128.000000
             Normal   +00000.000000,+00001.000000,+00000.000000
             TextureU +00001.000000,+00000.000000,+00000.000000
             TextureV +00000.000000,+00000.000000,-00001.000000
             Vertex   -00128.000000,+00928.000000,-03392.000000
             Vertex   -00128.000000,+00928.000000,-02752.000000
             Vertex   +03560.000000,+00928.000000,-02752.000000
             Vertex   +03560.000000,+00928.000000,-03392.000000
          End Polygon
          Begin Polygon Texture=UpperKashyyyk_Textures_Props.Skydomes.Kashyyyk_Dawn_top Flags=128
             Origin   +00128.000000,+00128.000000,-00128.000000
             Normal   +00001.000000,+00000.000000,+00000.000000
             TextureU +00000.000000,-00001.000000,+00000.000000
             TextureV +00000.000000,+00000.000000,-00001.000000
             Vertex   +03560.000000,+00928.000000,-03392.000000
             Vertex   +03560.000000,+00928.000000,-02752.000000
             Vertex   +03560.000000,-00128.000000,-02752.000000
             Vertex   +03560.000000,-00128.000000,-03392.000000
          End Polygon
          Begin Polygon Texture=UpperKashyyyk_Textures_Props.Skydomes.Kashyyyk_Dawn_top Flags=128
             Origin   +00128.000000,-00128.000000,-00128.000000
             Normal   +00000.000000,-00001.000000,+00000.000000
             TextureU -00001.000000,+00000.000000,+00000.000000
             TextureV +00000.000000,+00000.000000,-00001.000000
             Vertex   +03560.000000,-00128.000000,-03392.000000
             Vertex   +03560.000000,-00128.000000,-02752.000000
             Vertex   -00128.000000,-00128.000000,-02752.000000
             Vertex   -00128.000000,-00128.000000,-03392.000000
          End Polygon
          Begin Polygon Texture=UpperKashyyyk_Textures_Props.Skydomes.Kashyyyk_Dawn_top Flags=128
             Origin   -00128.000000,+00128.000000,+00128.000000
             Normal   +00000.000000,+00000.000000,+00001.000000
             TextureU +00001.000000,+00000.000000,+00000.000000
             TextureV +00000.000000,+00001.000000,+00000.000000
             Vertex   -00128.000000,+00928.000000,-02752.000000
             Vertex   -00128.000000,-00128.000000,-02752.000000
             Vertex   +03560.000000,-00128.000000,-02752.000000
             Vertex   +03560.000000,+00928.000000,-02752.000000
          End Polygon
          Begin Polygon Texture=UpperKashyyyk_Textures.KashHalls.yyy_hallwallfloorB Flags=128
             Origin   -00128.000000,-00128.000000,-00128.000000
             Normal   +00000.000000,+00000.000000,-00001.000000
             TextureU +00001.000000,+00000.000000,+00000.000000
             TextureV +00000.000000,-00001.000000,+00000.000000
             Vertex   -00128.000000,-00128.000000,-03392.000000
