Begin Map
Begin Actor Class=LevelInfo Name=LevelInfo13
    TimeSeconds=1.08767e+006
    Campaign=LC_YYY
    Summary=LevelSummary'myLevel.LevelSummary'
    VisibleGroups="AI_NAVIGATION,Floor_Upper,Gameplay,Grenade Ammo,Marker_Door_Components,Marker_Snipe_Components,None,PopBalloons_2,Upper_Room"
    bHasPathNodes=True
    bUseBottleneckRegions=True
    CameraLocationDynamic=(X=-15287.6,Y=-25064.1,Z=772.803)
    CameraLocationTop=(X=4851,Y=-23750,Z=38474.5)
    CameraLocationFront=(X=4851,Y=-189,Z=441594)
    CameraLocationSide=(X=-23750,Y=-189,Z=606.309)
    CameraRotationDynamic=(Pitch=64240,Yaw=-130208)
    BattleMusic=SoundMultiple'YYY_Music.YYY_BattleCues.YYY_jwNoTradeFed_megamulti'
    BattleBaddieThreshold=1
    BattleRadiusInner=3000
    BattleRadiusOuter=5000
    BattleCriteria=BATTLECRITERIA_Proximity
    ShadowsEnabled=True
    PreCacheGame="CTGame.CTGameInfoSP"
    NavigationPointList=PathNode'myLevel.PathNode62'
    RegionConnection(0)=BitArray2D'myLevel.BitArray2D133'
    RegionConnection(1)=BitArray2D'myLevel.BitArray2D134'
    RegionConnection(2)=BitArray2D'myLevel.BitArray2D135'
    RegionConnection(3)=BitArray2D'myLevel.BitArray2D136'
    RegionConnection(4)=BitArray2D'myLevel.BitArray2D137'
    RegionConnection(5)=BitArray2D'myLevel.BitArray2D138'
    RegionConnection(6)=BitArray2D'myLevel.BitArray2D139'
    Level=LevelInfo'myLevel.LevelInfo13'
    Region=(Zone=LevelInfo'myLevel.LevelInfo13',iLeaf=-1)
    Tag="LevelInfo"
    Name="LevelInfo13"
End Actor
Begin Actor Class=Brush Name=Brush132
    MainScale=(SheerAxis=SHEER_ZX)
    PostScale=(SheerAxis=SHEER_ZX)
    bMovedInEditor=True
    Level=LevelInfo'myLevel.LevelInfo13'
    Region=(Zone=LevelInfo'myLevel.LevelInfo13',iLeaf=-1)
    Tag="Brush"
    Group="Cylinder"
    Location=(X=-10844.3,Y=-17679.8,Z=-79.0748)
    Begin Brush Name=Model900
       Begin PolyList
          Begin Polygon Item=Wall
             Origin   +00585.412781,-00177.582916,-00256.000000
             Normal   +00000.881921,-00000.471397,+00000.000000
             TextureU -00000.471397,-00000.881921,+00000.000000
             TextureV +00000.000000,+00000.000000,-00001.000000
             Vertex   +00585.412781,-00177.582916,-00256.000000
             Vertex   +00585.412781,-00177.582916,+00256.000000
             Vertex   +00472.892822,-00388.092987,+00256.000000
             Vertex   +00472.892822,-00388.092987,-00256.000000
          End Polygon
          Begin Polygon Item=Wall
             Origin   +00472.892822,-00388.092987,-00256.000000
             Normal   +00000.634393,-00000.773010,+00000.000000
             TextureU -00000.773010,-00000.634393,+00000.000000
             TextureV +00000.000000,+00000.000000,-00001.000000
             Vertex   +00472.892822,-00388.092987,-00256.000000
             Vertex   +00472.892822,-00388.092987,+00256.000000
             Vertex   +00288.379242,-00539.519409,+00256.000000
             Vertex   +00288.379242,-00539.519409,-00256.000000
          End Polygon
          Begin Polygon Item=Wall
             Origin   +00288.379242,-00539.519409,-00256.000000
             Normal   +00000.290285,-00000.956940,+00000.000000
             TextureU -00000.956940,-00000.290285,+00000.000000
             TextureV +00000.000000,+00000.000000,-00001.000000
             Vertex   +00288.379242,-00539.519409,-00256.000000
             Vertex   +00288.379242,-00539.519409,+00256.000000
             Vertex   +00059.962494,-00608.808899,+00256.000000
             Vertex   +00059.962494,-00608.808899,-00256.000000
          End Polygon
          Begin Polygon Item=Wall
             Origin   +00059.962494,-00608.808899,-00256.000000
             Normal   -00000.098017,-00000.995185,+00000.000000
             TextureU -00000.995185,+00000.098017,+00000.000000
             TextureV +00000.000000,+00000.000000,-00001.000000
             Vertex   +00059.962494,-00608.808899,-00256.000000
             Vertex   +00059.962494,-00608.808899,+00256.000000
             Vertex   -00177.582916,-00585.412781,+00256.000000
             Vertex   -00177.582916,-00585.412781,-00256.000000
          End Polygon
          Begin Polygon Item=Wall
             Origin   -00177.582916,-00585.412781,-00256.000000
             Normal   -00000.471397,-00000.881921,+00000.000000
             TextureU -00000.881921,+00000.471397,+00000.000000
             TextureV +00000.000000,+00000.000000,-00001.000000
             Vertex   -00177.582916,-00585.412781,-00256.000000
             Vertex   -00177.582916,-00585.412781,+00256.000000
             Vertex   -00388.093048,-00472.892792,+00256.000000
             Vertex   -00388.093048,-00472.892792,-00256.000000
          End Polygon
          Begin Polygon Item=Wall
             Origin   -00388.093048,-00472.892792,-00256.000000
             Normal   -00000.773010,-00000.634393,+00000.000000
             TextureU -00000.634393,+00000.773010,+00000.000000
             TextureV +00000.000000,+00000.000000,-00001.000000
             Vertex   -00388.093048,-00472.892792,-00256.000000
             Vertex   -00388.093048,-00472.892792,+00256.000000
             Vertex   -00539.519409,-00288.379242,+00256.000000
             Vertex   -00539.519409,-00288.379242,-00256.000000
          End Polygon
          Begin Polygon Item=Wall
             Origin   -00539.519409,-00288.379242,-00256.000000
             Normal   -00000.956940,-00000.290285,+00000.000000
             TextureU -00000.290285,+00000.956940,+00000.000000
             TextureV +00000.000000,+00000.000000,-00001.000000
             Vertex   -00539.519409,-00288.379242,-00256.000000
             Vertex   -00539.519409,-00288.379242,+00256.000000
             Vertex   -00608.808899,-00059.962540,+00256.000000
             Vertex   -00608.808899,-00059.962540,-00256.000000
          End Polygon
          Begin Polygon Item=Wall
             Origin   -00608.808899,-00059.962540,-00256.000000
             Normal   -00000.995185,+00000.098017,+00000.000000
             TextureU +00000.098017,+00000.995185,+00000.000000
             TextureV +00000.000000,+00000.000000,-00001.000000
             Vertex   -00608.808899,-00059.962540,-00256.000000
             Vertex   -00608.808899,-00059.962540,+00256.000000
             Vertex   -00585.412720,+00177.583008,+00256.000000
             Vertex   -00585.412720,+00177.583008,-00256.000000
          End Polygon
          Begin Polygon Item=Wall
             Origin   -00585.412720,+00177.583008,-00256.000000
             Normal   -00000.881921,+00000.471397,+00000.000000
             TextureU +00000.471397,+00000.881921,+00000.000000
             TextureV +00000.000000,+00000.000000,-00001.000000
             Vertex   -00585.412720,+00177.583008,-00256.000000
             Vertex   -00585.412720,+00177.583008,+00256.000000
             Vertex   -00472.892792,+00388.093018,+00256.000000
             Vertex   -00472.892792,+00388.093018,-00256.000000
          End Polygon
          Begin Polygon Item=Wall
             Origin   -00472.892792,+00388.093018,-00256.000000
             Normal   -00000.634393,+00000.773010,+00000.000000
             TextureU +00000.773010,+00000.634393,+00000.000000
             TextureV +00000.000000,+00000.000000,-00001.000000
             Vertex   -00472.892792,+00388.093018,-00256.000000
             Vertex   -00472.892792,+00388.093018,+00256.000000
             Vertex   -00288.379089,+00539.519531,+00256.000000
             Vertex   -00288.379089,+00539.519531,-00256.000000
          End Polygon
          Begin Polygon Item=Wall
             Origin   -00288.379089,+00539.519531,-00256.000000
             Normal   -00000.290285,+00000.956940,+00000.000000
             TextureU +00000.956940,+00000.290285,+00000.000000
             TextureV +00000.000000,+00000.000000,-00001.000000
             Vertex   -00288.379089,+00539.519531,-00256.000000
             Vertex   -00288.379089,+00539.519531,+00256.000000
             Vertex   -00059.962585,+00608.808899,+00256.000000
             Vertex   -00059.962585,+00608.808899,-00256.000000
          End Polygon
          Begin Polygon Item=Wall
             Origin   -00059.962585,+00608.808899,-00256.000000
             Normal   +00000.098017,+00000.995185,+00000.000000
             TextureU +00000.995185,-00000.098017,+00000.000000
             TextureV +00000.000000,+00000.000000,-00001.000000
             Vertex   -00059.962585,+00608.808899,-00256.000000
             Vertex   -00059.962585,+00608.808899,+00256.000000
             Vertex   +00177.582977,+00585.412781,+00256.000000
             Vertex   +00177.582977,+00585.412781,-00256.000000
          End Polygon
          Begin Polygon Item=Wall
             Origin   +00177.582977,+00585.412781,-00256.000000
             Normal   +00000.471397,+00000.881921,+00000.000000
             TextureU +00000.881921,-00000.471397,+00000.000000
             TextureV +00000.000000,+00000.000000,-00001.000000
             Vertex   +00177.582977,+00585.412781,-00256.000000
             Vertex   +00177.582977,+00585.412781,+00256.000000
             Vertex   +00388.093079,+00472.892731,+00256.000000
             Vertex   +00388.093079,+00472.892731,-00256.000000
          End Polygon
          Begin Polygon Item=Wall
             Origin   +00388.093079,+00472.892731,-00256.000000
             Normal   +00000.773010,+00000.634393,+00000.000000
             TextureU +00000.634393,-00000.773010,+00000.000000
             TextureV +00000.000000,+00000.000000,-00001.000000
             Vertex   +00388.093079,+00472.892731,-00256.000000
             Vertex   +00388.093079,+00472.892731,+00256.000000
             Vertex   +00539.519409,+00288.379303,+00256.000000
             Vertex   +00539.519409,+00288.379303,-00256.000000
          End Polygon
          Begin Polygon Item=Wall
             Origin   +00539.519409,+00288.379303,-00256.000000
             Normal   +00000.956940,+00000.290285,+00000.000000
             TextureU +00000.290285,-00000.956940,+00000.000000
             TextureV +00000.000000,+00000.000000,-00001.000000
             Vertex   +00539.519409,+00288.379303,-00256.000000
             Vertex   +00539.519409,+00288.379303,+00256.000000
             Vertex   +00608.808899,+00059.962494,+00256.000000
             Vertex   +00608.808899,+00059.962494,-00256.000000
          End Polygon
          Begin Polygon Item=Wall
             Origin   +00608.808899,+00059.962494,-00256.000000
             Normal   +00000.995185,-00000.098017,+00000.000000
             TextureU -00000.098017,-00000.995185,+00000.000000
             TextureV +00000.000000,+00000.000000,-00001.000000
             Vertex   +00608.808899,+00059.962494,-00256.000000
             Vertex   +00608.808899,+00059.962494,+00256.000000
             Vertex   +00585.412781,-00177.582916,+00256.000000
             Vertex   +00585.412781,-00177.582916,-00256.000000
          End Polygon
          Begin Polygon Item=Wall
             Origin   +00394.077362,-00323.410828,-00256.000000
             Normal   -00000.881921,+00000.471397,+00000.000000
             TextureU +00000.471396,+00000.881921,+00000.000000
             TextureV +00000.000000,+00000.000000,-00001.000000
             Vertex   +00394.077362,-00323.410828,-00256.000000
             Vertex   +00394.077362,-00323.410828,+00256.000000
             Vertex   +00487.843964,-00147.985764,+00256.000000
             Vertex   +00487.843964,-00147.985764,-00256.000000
          End Polygon
          Begin Polygon Item=Wall
             Origin   +00240.316025,-00449.599548,-00256.000000
             Normal   -00000.634393,+00000.773010,+00000.000000
             TextureU +00000.773010,+00000.634393,+00000.000000
             TextureV +00000.000000,+00000.000000,-00001.000000
             Vertex   +00240.316025,-00449.599548,-00256.000000
             Vertex   +00240.316025,-00449.599548,+00256.000000
             Vertex   +00394.077362,-00323.410828,+00256.000000
             Vertex   +00394.077362,-00323.410828,-00256.000000
          End Polygon
          Begin Polygon Item=Wall
             Origin   +00049.968742,-00507.340790,-00256.000000
             Normal   -00000.290285,+00000.956940,+00000.000000
             TextureU +00000.956940,+00000.290285,+00000.000000
             TextureV +00000.000000,+00000.000000,-00001.000000
             Vertex   +00049.968742,-00507.340790,-00256.000000
             Vertex   +00049.968742,-00507.340790,+00256.000000
             Vertex   +00240.316025,-00449.599548,+00256.000000
             Vertex   +00240.316025,-00449.599548,-00256.000000
          End Polygon
          Begin Polygon Item=Wall
             Origin   -00147.985764,-00487.843964,-00256.000000
             Normal   +00000.098017,+00000.995185,+00000.000000
             TextureU +00000.995185,-00000.098017,+00000.000000
             TextureV +00000.000000,+00000.000000,-00001.000000
             Vertex   -00147.985764,-00487.843964,-00256.000000
             Vertex   -00147.985764,-00487.843964,+00256.000000
             Vertex   +00049.968742,-00507.340790,+00256.000000
             Vertex   +00049.968742,-00507.340790,-00256.000000
          End Polygon
          Begin Polygon Item=Wall
             Origin   -00323.410889,-00394.077332,-00256.000000
             Normal   +00000.471397,+00000.881921,+00000.000000
             TextureU +00000.881921,-00000.471396,+00000.000000
             TextureV +00000.000000,+00000.000000,-00001.000000
             Vertex   -00323.410889,-00394.077332,-00256.000000
             Vertex   -00323.410889,-00394.077332,+00256.000000
             Vertex   -00147.985764,-00487.843964,+00256.000000
             Vertex   -00147.985764,-00487.843964,-00256.000000
          End Polygon
          Begin Polygon Item=Wall
             Origin   -00449.599548,-00240.316025,-00256.000000
             Normal   +00000.773010,+00000.634393,+00000.000000
             TextureU +00000.634393,-00000.773010,+00000.000000
             TextureV +00000.000000,+00000.000000,-00001.000000
             Vertex   -00449.599548,-00240.316025,-00256.000000
             Vertex   -00449.599548,-00240.316025,+00256.000000
             Vertex   -00323.410889,-00394.077332,+00256.000000
             Vertex   -00323.410889,-00394.077332,-00256.000000
          End Polygon
          Begin Polygon Item=Wall
             Origin   -00507.340790,-00049.968781,-00256.000000
             Normal   +00000.956940,+00000.290285,+00000.000000
             TextureU +00000.290285,-00000.956940,+00000.000000
             TextureV +00000.000000,+00000.000000,-00001.000000
             Vertex   -00507.340790,-00049.968781,-00256.000000
             Vertex   -00507.340790,-00049.968781,+00256.000000
             Vertex   -00449.599548,-00240.316025,+00256.000000
             Vertex   -00449.599548,-00240.316025,-00256.000000
          End Polygon
          Begin Polygon Item=Wall
             Origin   -00487.843964,+00147.985840,-00256.000000
             Normal   +00000.995185,-00000.098017,+00000.000000
             TextureU -00000.098017,-00000.995185,+00000.000000
             TextureV +00000.000000,+00000.000000,-00001.000000
             Vertex   -00487.843964,+00147.985840,-00256.000000
             Vertex   -00487.843964,+00147.985840,+00256.000000
             Vertex   -00507.340790,-00049.968781,+00256.000000
             Vertex   -00507.340790,-00049.968781,-00256.000000
          End Polygon
          Begin Polygon Item=Wall
             Origin   -00394.077332,+00323.410858,-00256.000000
             Normal   +00000.881921,-00000.471397,+00000.000000
             TextureU -00000.471397,-00000.881921,+00000.000000
             TextureV +00000.000000,+00000.000000,-00001.000000
             Vertex   -00394.077332,+00323.410858,-00256.000000
             Vertex   -00394.077332,+00323.410858,+00256.000000
             Vertex   -00487.843964,+00147.985840,+00256.000000
             Vertex   -00487.843964,+00147.985840,-00256.000000
          End Polygon
          Begin Polygon Item=Wall
             Origin   -00240.315933,+00449.599609,-00256.000000
             Normal   +00000.634393,-00000.773010,+00000.000000
             TextureU -00000.773010,-00000.634393,+00000.000000
             TextureV +00000.000000,+00000.000000,-00001.000000
             Vertex   -00240.315933,+00449.599609,-00256.000000
             Vertex   -00240.315933,+00449.599609,+00256.000000
             Vertex   -00394.077332,+00323.410858,+00256.000000
             Vertex   -00394.077332,+00323.410858,-00256.000000
          End Polygon
          Begin Polygon Item=Wall
             Origin   -00049.968819,+00507.340759,-00256.000000
             Normal   +00000.290285,-00000.956940,+00000.000000
             TextureU -00000.956940,-00000.290285,+00000.000000
             TextureV +00000.000000,+00000.000000,-00001.000000
             Vertex   -00049.968819,+00507.340759,-00256.000000
             Vertex   -00049.968819,+00507.340759,+00256.000000
             Vertex   -00240.315933,+00449.599609,+00256.000000
             Vertex   -00240.315933,+00449.599609,-00256.000000
          End Polygon
          Begin Polygon Item=Wall
             Origin   +00147.985809,+00487.843964,-00256.000000
             Normal   -00000.098017,-00000.995185,+00000.000000
             TextureU -00000.995185,+00000.098017,+00000.000000
             TextureV +00000.000000,+00000.000000,-00001.000000
             Vertex   +00147.985809,+00487.843964,-00256.000000
             Vertex   +00147.985809,+00487.843964,+00256.000000
             Vertex   -00049.968819,+00507.340759,+00256.000000
             Vertex   -00049.968819,+00507.340759,-00256.000000
          End Polygon
          Begin Polygon Item=Wall
             Origin   +00323.410919,+00394.077301,-00256.000000
             Normal   -00000.471397,-00000.881921,+00000.000000
             TextureU -00000.881921,+00000.471397,+00000.000000
             TextureV +00000.000000,+00000.000000,-00001.000000
             Vertex   +00323.410919,+00394.077301,-00256.000000
             Vertex   +00323.410919,+00394.077301,+00256.000000
             Vertex   +00147.985809,+00487.843964,+00256.000000
             Vertex   +00147.985809,+00487.843964,-00256.000000
          End Polygon
          Begin Polygon Item=Wall
             Origin   +00449.599518,+00240.316086,-00256.000000
             Normal   -00000.773010,-00000.634393,+00000.000000
             TextureU -00000.634393,+00000.773010,+00000.000000
             TextureV +00000.000000,+00000.000000,-00001.000000
             Vertex   +00449.599518,+00240.316086,-00256.000000
             Vertex   +00449.599518,+00240.316086,+00256.000000
             Vertex   +00323.410919,+00394.077301,+00256.000000
             Vertex   +00323.410919,+00394.077301,-00256.000000
          End Polygon
          Begin Polygon Item=Wall
             Origin   +00507.340790,+00049.968742,-00256.000000
             Normal   -00000.956940,-00000.290285,+00000.000000
             TextureU -00000.290285,+00000.956940,+00000.000000
             TextureV +00000.000000,+00000.000000,-00001.000000
             Vertex   +00507.340790,+00049.968742,-00256.000000
             Vertex   +00507.340790,+00049.968742,+00256.000000
             Vertex   +00449.599518,+00240.316086,+00256.000000
             Vertex   +00449.599518,+00240.316086,-00256.000000
          End Polygon
          Begin Polygon Item=Wall
             Origin   +00487.843964,-00147.985764,-00256.000000
             Normal   -00000.995185,+00000.098017,+00000.000000
             TextureU +00000.098017,+00000.995185,+00000.000000
             TextureV +00000.000000,+00000.000000,-00001.000000
             Vertex   +00487.843964,-00147.985764,-00256.000000
             Vertex   +00487.843964,-00147.985764,+00256.000000
             Vertex   +00507.340790,+00049.968742,+00256.000000
             Vertex   +00507.340790,+00049.968742,-00256.000000
          End Polygon
          Begin Polygon Item=Cap
             Origin   +00487.843964,-00147.985764,+00256.000000
             Normal   +00000.000000,+00000.000000,+00001.000000
             TextureU +00000.881921,-00000.471396,+00000.000000
             TextureV +00000.471396,+00000.881921,+00000.000000
             Vertex   +00487.843964,-00147.985764,+00256.000000
             Vertex   +00394.077362,-00323.410828,+00256.000000
             Vertex   +00472.892822,-00388.092987,+00256.000000
             Vertex   +00585.412781,-00177.582916,+00256.000000
          End Polygon
          Begin Polygon Item=Cap
             Origin   +00394.077362,-00323.410828,+00256.000000
             Normal   +00000.000000,+00000.000000,+00001.000000
             TextureU +00000.634393,-00000.773010,+00000.000000
             TextureV +00000.773010,+00000.634393,+00000.000000
             Vertex   +00394.077362,-00323.410828,+00256.000000
             Vertex   +00240.316025,-00449.599548,+00256.000000
             Vertex   +00288.379242,-00539.519409,+00256.000000
             Vertex   +00472.892822,-00388.092987,+00256.000000
          End Polygon
          Begin Polygon Item=Cap
             Origin   +00240.316025,-00449.599548,+00256.000000
             Normal   +00000.000000,+00000.000000,+00001.000000
             TextureU +00000.290285,-00000.956940,+00000.000000
             TextureV +00000.956940,+00000.290285,+00000.000000
             Vertex   +00240.316025,-00449.599548,+00256.000000
             Vertex   +00049.968742,-00507.340790,+00256.000000
             Vertex   +00059.962494,-00608.808899,+00256.000000
             Vertex   +00288.379242,-00539.519409,+00256.000000
          End Polygon
          Begin Polygon Item=Cap
             Origin   +00049.968742,-00507.340790,+00256.000000
             Normal   +00000.000000,+00000.000000,+00001.000000
             TextureU -00000.098017,-00000.995185,+00000.000000
             TextureV +00000.995185,-00000.098017,+00000.000000
             Vertex   +00049.968742,-00507.340790,+00256.000000
             Vertex   -00147.985764,-00487.843964,+00256.000000
             Vertex   -00177.582916,-00585.412781,+00256.000000
             Vertex   +00059.962494,-00608.808899,+00256.000000
          End Polygon
          Begin Polygon Item=Cap
             Origin   -00147.985764,-00487.843964,+00256.000000
             Normal   +00000.000000,+00000.000000,+00001.000000
             TextureU -00000.471396,-00000.881921,+00000.000000
             TextureV +00000.881921,-00000.471396,+00000.000000
             Vertex   -00147.985764,-00487.843964,+00256.000000
             Vertex   -00323.410889,-00394.077332,+00256.000000
             Vertex   -00388.093048,-00472.892792,+00256.000000
             Vertex   -00177.582916,-00585.412781,+00256.000000
          End Polygon
          Begin Polygon Item=Cap
             Origin   -00323.410889,-00394.077332,+00256.000000
             Normal   +00000.000000,+00000.000000,+00001.000000
             TextureU -00000.773010,-00000.634393,+00000.000000
             TextureV +00000.634393,-00000.773010,+00000.000000
             Vertex   -00323.410889,-00394.077332,+00256.000000
             Vertex   -00449.599548,-00240.316025,+00256.000000
             Vertex   -00539.519409,-00288.379242,+00256.000000
             Vertex   -00388.093048,-00472.892792,+00256.000000
          End Polygon
          Begin Polygon Item=Cap
             Origin   -00449.599548,-00240.316025,+00256.000000
             Normal   +00000.000000,+00000.000000,+00001.000000
             TextureU -00000.956940,-00000.290285,+00000.000000
             TextureV +00000.290285,-00000.956940,+00000.000000
             Vertex   -00449.599548,-00240.316025,+00256.000000
             Vertex   -00507.340790,-00049.968781,+00256.000000
             Vertex   -00608.808899,-00059.962540,+00256.000000
             Vertex   -00539.519409,-00288.379242,+00256.000000
          End Polygon
          Begin Polygon Item=Cap
             Origin   -00507.340790,-00049.968781,+00256.000000
             Normal   +00000.000000,+00000.000000,+00001.000000
             TextureU -00000.995185,+00000.098017,+00000.000000
             TextureV -00000.098017,-00000.995185,+00000.000000
             Vertex   -00507.340790,-00049.968781,+00256.000000
             Vertex   -00487.843964,+00147.985840,+00256.000000
             Vertex   -00585.412720,+00177.583008,+00256.000000
             Vertex   -00608.808899,-00059.962540,+00256.000000
          End Polygon
          Begin Polygon Item=Cap
             Origin   -00487.843964,+00147.985840,+00256.000000
             Normal   +00000.000000,+00000.000000,+00001.000000
             TextureU -00000.881921,+00000.471397,+00000.000000
             TextureV -00000.471397,-00000.881921,+00000.000000
             Vertex   -00487.843964,+00147.985840,+00256.000000
             Vertex   -00394.077332,+00323.410858,+00256.000000
             Vertex   -00472.892792,+00388.093018,+00256.000000
             Vertex   -00585.412720,+00177.583008,+00256.000000
          End Polygon
          Begin Polygon Item=Cap
             Origin   -00394.077332,+00323.410858,+00256.000000
             Normal   +00000.000000,+00000.000000,+00001.000000
             TextureU -00000.634393,+00000.773010,+00000.000000
             TextureV -00000.773010,-00000.634393,+00000.000000
             Vertex   -00394.077332,+00323.410858,+00256.000000
             Vertex   -00240.315933,+00449.599609,+00256.000000
             Vertex   -00288.379089,+00539.519531,+00256.000000
             Vertex   -00472.892792,+00388.093018,+00256.000000
          End Polygon
          Begin Polygon Item=Cap
             Origin   -00240.315933,+00449.599609,+00256.000000
             Normal   +00000.000000,+00000.000000,+00001.000000
             TextureU -00000.290285,+00000.956940,+00000.000000
             TextureV -00000.956940,-00000.290285,+00000.000000
             Vertex   -00240.315933,+00449.599609,+00256.000000
             Vertex   -00049.968819,+00507.340759,+00256.000000
             Vertex   -00059.962585,+00608.808899,+00256.000000
             Vertex   -00288.379089,+00539.519531,+00256.000000
          End Polygon
          Begin Polygon Item=Cap
             Origin   -00049.968819,+00507.340759,+00256.000000
             Normal   +00000.000000,+00000.000000,+00001.000000
             TextureU +00000.098017,+00000.995185,+00000.000000
             TextureV -00000.995185,+00000.098017,+00000.000000
             Vertex   -00049.968819,+00507.340759,+00256.000000
             Vertex   +00147.985809,+00487.843964,+00256.000000
             Vertex   +00177.582977,+00585.412781,+00256.000000
             Vertex   -00059.962585,+00608.808899,+00256.000000
          End Polygon
          Begin Polygon Item=Cap
             Origin   +00147.985809,+00487.843964,+00256.000000
             Normal   +00000.000000,+00000.000000,+00001.000000
             TextureU +00000.471397,+00000.881921,+00000.000000
             TextureV -00000.881921,+00000.471397,+00000.000000
             Vertex   +00147.985809,+00487.843964,+00256.000000
             Vertex   +00323.410919,+00394.077301,+00256.000000
             Vertex   +00388.093079,+00472.892731,+00256.000000
             Vertex   +00177.582977,+00585.412781,+00256.000000
          End Polygon
          Begin Polygon Item=Cap
             Origin   +00323.410919,+00394.077301,+00256.000000
             Normal   +00000.000000,+00000.000000,+00001.000000
             TextureU +00000.773010,+00000.634393,+00000.000000
             TextureV -00000.634393,+00000.773010,+00000.000000
             Vertex   +00323.410919,+00394.077301,+00256.000000
             Vertex   +00449.599518,+00240.316086,+00256.000000
             Vertex   +00539.519409,+00288.379303,+00256.000000
             Vertex   +00388.093079,+00472.892731,+00256.000000
          End Polygon
          Begin Polygon Item=Cap
             Origin   +00449.599518,+00240.316086,+00256.000000
             Normal   +00000.000000,+00000.000000,+00001.000000
             TextureU +00000.956940,+00000.290285,+00000.000000
             TextureV -00000.290285,+00000.956940,+00000.000000
             Vertex   +00449.599518,+00240.316086,+00256.000000
             Vertex   +00507.340790,+00049.968742,+00256.000000
             Vertex   +00608.808899,+00059.962494,+00256.000000
             Vertex   +00539.519409,+00288.379303,+00256.000000
          End Polygon
          Begin Polygon Item=Cap
             Origin   +00507.340790,+00049.968742,+00256.000000
             Normal   +00000.000000,+00000.000000,+00001.000000
             TextureU +00000.995185,-00000.098017,+00000.000000
             TextureV +00000.098017,+00000.995185,+00000.000000
             Vertex   +00507.340790,+00049.968742,+00256.000000
             Vertex   +00487.843964,-00147.985764,+00256.000000
             Vertex   +00585.412781,-00177.582916,+00256.000000
             Vertex   +00608.808899,+00059.962494,+00256.000000
          End Polygon
          Begin Polygon Item=Cap
             Origin   +00585.412781,-00177.582916,-00256.000000
             Normal   +00000.000000,+00000.000000,-00001.000000
             TextureU -00000.881921,+00000.471397,+00000.000000
             TextureV +00000.471397,+00000.881921,+00000.000000
             Vertex   +00585.412781,-00177.582916,-00256.000000
             Vertex   +00472.892822,-00388.092987,-00256.000000
             Vertex   +00394.077362,-00323.410828,-00256.000000
             Vertex   +00487.843964,-00147.985764,-00256.000000
          End Polygon
          Begin Polygon Item=Cap
             Origin   +00472.892822,-00388.092987,-00256.000000
             Normal   +00000.000000,+00000.000000,-00001.000000
             TextureU -00000.634393,+00000.773010,+00000.000000
             TextureV +00000.773010,+00000.634393,+00000.000000
             Vertex   +00472.892822,-00388.092987,-00256.000000
             Vertex   +00288.379242,-00539.519409,-00256.000000
             Vertex   +00240.316025,-00449.599548,-00256.000000
             Vertex   +00394.077362,-00323.410828,-00256.000000
          End Polygon
          Begin Polygon Item=Cap
             Origin   +00288.379242,-00539.519409,-00256.000000
             Normal   +00000.000000,+00000.000000,-00001.000000
             TextureU -00000.290285,+00000.956940,+00000.000000
             TextureV +00000.956940,+00000.290285,+00000.000000
             Vertex   +00288.379242,-00539.519409,-00256.000000
             Vertex   +00059.962494,-00608.808899,-00256.000000
             Vertex   +00049.968742,-00507.340790,-00256.000000
             Vertex   +00240.316025,-00449.599548,-00256.000000
          End Polygon
          Begin Polygon Item=Cap
             Origin   +00059.962494,-00608.808899,-00256.000000
             Normal   +00000.000000,+00000.000000,-00001.000000
             TextureU +00000.098017,+00000.995185,+00000.000000
             TextureV +00000.995185,-00000.098017,+00000.000000
             Vertex   +00059.962494,-00608.808899,-00256.000000
             Vertex   -00177.582916,-00585.412781,-00256.000000
             Vertex   -00147.985764,-00487.843964,-00256.000000
             Vertex   +00049.968742,-00507.340790,-00256.000000
          End Polygon
          Begin Polygon Item=Cap
             Origin   -00177.582916,-00585.412781,-00256.000000
             Normal   +00000.000000,+00000.000000,-00001.000000
             TextureU +00000.471397,+00000.881921,+00000.000000
             TextureV +00000.881921,-00000.471397,+00000.000000
             Vertex   -00177.582916,-00585.412781,-00256.000000
             Vertex   -00388.093048,-00472.892792,-00256.000000
             Vertex   -00323.410889,-00394.077332,-00256.000000
             Vertex   -00147.985764,-00487.843964,-00256.000000
          End Polygon
          Begin Polygon Item=Cap
             Origin   -00388.093048,-00472.892792,-00256.000000
             Normal   +00000.000000,+00000.000000,-00001.000000
             TextureU +00000.773010,+00000.634393,+00000.000000
             TextureV +00000.634393,-00000.773010,+00000.000000
             Vertex   -00388.093048,-00472.892792,-00256.000000
             Vertex   -00539.519409,-00288.379242,-00256.000000
             Vertex   -00449.599548,-00240.316025,-00256.000000
             Vertex   -00323.410889,-00394.077332,-00256.000000
          End Polygon
          Begin Polygon Item=Cap
             Origin   -00539.519409,-00288.379242,-00256.000000
             Normal   +00000.000000,+00000.000000,-00001.000000
             TextureU +00000.956940,+00000.290285,+00000.000000
             TextureV +00000.290285,-00000.956940,+00000.000000
             Vertex   -00539.519409,-00288.379242,-00256.000000
             Vertex   -00608.808899,-00059.962540,-00256.000000
             Vertex   -00507.340790,-00049.968781,-00256.000000
             Vertex   -00449.599548,-00240.316025,-00256.000000
          End Polygon
          Begin Polygon Item=Cap
             Origin   -00608.808899,-00059.962540,-00256.000000
             Normal   +00000.000000,+00000.000000,-00001.000000
             TextureU +00000.995185,-00000.098017,+00000.000000
             TextureV -00000.098017,-00000.995185,+00000.000000
             Vertex   -00608.808899,-00059.962540,-00256.000000
             Vertex   -00585.412720,+00177.583008,-00256.000000
             Vertex   -00487.843964,+00147.985840,-00256.000000
             Vertex   -00507.340790,-00049.968781,-00256.000000
          End Polygon
          Begin Polygon Item=Cap
             Origin   -00585.412720,+00177.583008,-00256.000000
             Normal   +00000.000000,+00000.000000,-00001.000000
             TextureU +00000.881921,-00000.471397,+00000.000000
             TextureV -00000.471397,-00000.881921,+00000.000000
             Vertex   -00585.412720,+00177.583008,-00256.000000
             Vertex   -00472.892792,+00388.093018,-00256.000000
             Vertex   -00394.077332,+00323.410858,-00256.000000
             Vertex   -00487.843964,+00147.985840,-00256.000000
          End Polygon
          Begin Polygon Item=Cap
             Origin   -00472.892792,+00388.093018,-00256.000000
             Normal   +00000.000000,+00000.000000,-00001.000000
             TextureU +00000.634393,-00000.773010,+00000.000000
             TextureV -00000.773010,-00000.634393,+00000.000000
             Vertex   -00472.892792,+00388.093018,-00256.000000
             Vertex   -00288.379089,+00539.519531,-00256.000000
             Vertex   -00240.315933,+00449.599609,-00256.000000
             Vertex   -00394.077332,+00323.410858,-00256.000000
          End Polygon
          Begin Polygon Item=Cap
             Origin   -00288.379089,+00539.519531,-00256.000000
             Normal   +00000.000000,+00000.000000,-00001.000000
             TextureU +00000.290285,-00000.956940,+00000.000000
             TextureV -00000.956940,-00000.290285,+00000.000000
             Vertex   -00288.379089,+00539.519531,-00256.000000
             Vertex   -00059.962585,+00608.808899,-00256.000000
             Vertex   -00049.968819,+00507.340759,-00256.000000
             Vertex   -00240.315933,+00449.599609,-00256.000000
          End Polygon
          Begin Polygon Item=Cap
             Origin   -00059.962585,+00608.808899,-00256.000000
             Normal   +00000.000000,+00000.000000,-00001.000000
             TextureU -00000.098017,-00000.995185,+00000.000000
             TextureV -00000.995185,+00000.098017,+00000.000000
             Vertex   -00059.962585,+00608.808899,-00256.000000
             Vertex   +00177.582977,+00585.412781,-00256.000000
             Vertex   +00147.985809,+00487.843964,-00256.000000
             Vertex   -00049.968819,+00507.340759,-00256.000000
          End Polygon
          Begin Polygon Item=Cap
             Origin   +00177.582977,+00585.412781,-00256.000000
             Normal   +00000.000000,+00000.000000,-00001.000000
             TextureU -00000.471397,-00000.881921,+00000.000000
             TextureV -00000.881921,+00000.471397,+00000.000000
             Vertex   +00177.582977,+00585.412781,-00256.000000
             Vertex   +00388.093079,+00472.892731,-00256.000000
             Vertex   +00323.410919,+00394.077301,-00256.000000
             Vertex   +00147.985809,+00487.843964,-00256.000000
          End Polygon
          Begin Polygon Item=Cap
             Origin   +00388.093079,+00472.892731,-00256.000000
             Normal   +00000.000000,+00000.000000,-00001.000000
             TextureU -00000.773010,-00000.634393,+00000.000000
             TextureV -00000.634393,+00000.773010,+00000.000000
             Vertex   +00388.093079,+00472.892731,-00256.000000
             Vertex   +00539.519409,+00288.379303,-00256.000000
             Vertex   +00449.599518,+00240.316086,-00256.000000
             Vertex   +00323.410919,+00394.077301,-00256.000000
          End Polygon
          Begin Polygon Item=Cap
             Origin   +00539.519409,+00288.379303,-00256.000000
             Normal   +00000.000000,+00000.000000,-00001.000000
             TextureU -00000.956940,-00000.290285,+00000.000000
             TextureV -00000.290285,+00000.956940,+00000.000000
             Vertex   +00539.519409,+00288.379303,-00256.000000
             Vertex   +00608.808899,+00059.962494,-00256.000000
             Vertex   +00507.340790,+00049.968742,-00256.000000
             Vertex   +00449.599518,+00240.316086,-00256.000000
          End Polygon
          Begin Polygon Item=Cap
             Origin   +00608.808899,+00059.962494,-00256.000000
             Normal   +00000.000000,+00000.000000,-00001.000000
             TextureU -00000.995185,+00000.098017,+00000.000000
             TextureV +00000.098017,+00000.995185,+00000.000000
             Vertex   +00608.808899,+00059.962494,-00256.000000
             Vertex   +00585.412781,-00177.582916,-00256.000000
             Vertex   +00487.843964,-00147.985764,-00256.000000
             Vertex   +00507.340790,+00049.968742,-00256.000000
          End Polygon
       End PolyList
    End Brush
    Brush=Model'myLevel.Model900'
    Name="Brush132"
End Actor
Begin Actor Class=Brush Name=Brush7
    CsgOper=CSG_Subtract
    MainScale=(SheerAxis=SHEER_ZX)
    PostScale=(SheerAxis=SHEER_ZX)
    Level=LevelInfo'myLevel.LevelInfo13'
    Region=(Zone=ZoneInfo'myLevel.ZoneInfo4',iLeaf=51,ZoneNumber=10)
    Tag="Brush"
    Location=(X=10864,Y=-19872,Z=896)
    Begin Brush Name=Model1193
       Begin PolyList
          Begin Polygon Texture=UpperKashyyyk_Textures.K5Bridge.Ka_Twigs Flags=128
             Origin   -00128.000000,-00128.000000,-00128.000000
             Normal   -00001.000000,+00000.000000,+00000.000000
             TextureU +00000.000000,+00001.000000,+00000.000000
             TextureV +00000.000000,+00000.000000,-00001.000000
             Vertex   -00128.000000,-00127.996094,+01919.000488
             Vertex   -00128.000000,-00127.996094,+03135.000488
             Vertex   -00128.000000,+00688.003906,+03135.000488
             Vertex   -00128.000000,+00688.003906,+01919.000488
          End Polygon
          Begin Polygon Texture=UpperKashyyyk_Textures.K5Bridge.Ka_Twigs Flags=128
             Origin   -00128.000000,+00128.000000,-00128.000000
             Normal   +00000.000000,+00001.000000,+00000.000000
             TextureU +00001.000000,+00000.000000,+00000.000000
             TextureV +00000.000000,+00000.000000,-00001.000000
             Vertex   -00128.000000,+00688.003906,+01919.000488
             Vertex   -00128.000000,+00688.003906,+03135.000488
             Vertex   +01808.000000,+00688.003906,+03135.000488
             Vertex   +01808.000000,+00688.003906,+01919.000488
          End Polygon
          Begin Polygon Texture=UpperKashyyyk_Textures.K5Bridge.Ka_Twigs Flags=128
