Begin Map
Begin Actor Class=LevelInfo Name=LevelInfo0
    TimeSeconds=91.604900
    Title="M15 - The Moon Base"
    Author="Christopher 'Chrustec' Glerum"
    Summary=LevelSummary'LevelSummary'
    VisibleGroups="None,lvl15_subs,lvl15_adds,Meetinghall,bigroom1,Electric Fences,old_lvl15"
    bHasPathNodes=True
    CameraLocationDynamic=(X=-3801.091000,Y=1717.356000,Z=-7908.193000)
    CameraLocationTop=(X=3275.902000,Y=414.291000,Z=6722.800000)
    CameraLocationFront=(X=3295.802000,Y=-7766.000000,Z=40000.000000)
    CameraLocationSide=(X=389.551100,Y=-7766.000000,Z=40000.000000)
    CameraRotationDynamic=(Pitch=2696,Yaw=-59209,Roll=0)
    LoadLipSincWithPrefix=("on_","te_","ja_","ca_","M15_")
    MissionBriefing="Location: P4J-549                                                                                                           Local time: Night                                                                                                                     Briefing: Major Coulder's transmission originated from this address. Your priority is to secure the third piece of the artifact and return to the SGC. Expect a heavy enemy presence."
    NavigationPointList=PathNode'PathNode37'
    Level=LevelInfo'LevelInfo0'
    Region=(Zone=LevelInfo'LevelInfo0',iLeaf=-1,ZoneNumber=0)
    Tag=LevelInfo
    PhysicsVolume=DefaultPhysicsVolume'DefaultPhysicsVolume7'
End Actor
Begin Actor Class=Brush Name=Brush19
    Begin Brush Name=Brush
        Begin PolyList Name=Polys421
        End PolyList
    End Brush
    MainScale=(Scale=(X=1.000000,Y=1.000000,Z=1.000000),SheerRate=0.000000,SheerAxis=SHEER_ZX)
    PostScale=(Scale=(X=1.000000,Y=1.000000,Z=1.000000),SheerRate=0.000000,SheerAxis=SHEER_ZX)
    Level=LevelInfo'LevelInfo0'
    Region=(Zone=LevelInfo'LevelInfo0',iLeaf=-1,ZoneNumber=0)
    Tag=Brush
    PhysicsVolume=DefaultPhysicsVolume'DefaultPhysicsVolume7'
    Brush=Model'Brush'
End Actor
Begin Actor Class=Brush Name=Brush10
    Begin Brush Name=Model8
        Begin PolyList Name=Polys857
            Begin Polygon Texture=M15Tex.M15_Hallway_wall_01
                Origin   -128.000000,-128.000000,-128.000000
                Normal   -1.000000,0.000000,0.000000
                TextureU 0.000000,1.000000,0.000000
                TextureV 0.000000,0.000000,-1.000000
                Pan U=0 V=16896
                Vertex   -576.000000,1440.000000,-768.000000
                Vertex   -576.000000,1440.000000,-352.000000
                Vertex   -576.000000,2560.000000,-352.000000
                Vertex   -576.000000,2560.000000,-768.000000
            End Polygon
            Begin Polygon Texture=M15Tex.M15_Hallway_wall_01 Link=1
                Origin   -128.000000,128.000000,-128.000000
                Normal   0.000000,1.000000,0.000000
                TextureU 1.000000,0.000000,0.000000
                TextureV 0.000000,0.000000,-1.000000
                Pan U=0 V=16896
                Vertex   -576.000000,2560.000000,-768.000000
                Vertex   -576.000000,2560.000000,-352.000000
                Vertex   1584.000000,2560.000000,-352.000000
                Vertex   1584.000000,2560.000000,-768.000000
            End Polygon
            Begin Polygon Texture=M15Tex.M15_Wall_corridor_purple Link=2
                Origin   128.000000,128.000000,-128.000000
                Normal   1.000000,0.000000,0.000000
                TextureU 0.000000,-1.000000,0.000000
                TextureV 0.000000,0.000000,-1.000000
                Pan U=0 V=16896
                Vertex   1584.000000,2560.000000,-768.000000
                Vertex   1584.000000,2560.000000,-352.000000
                Vertex   1584.000000,1440.000000,-352.000000
                Vertex   1584.000000,1440.000000,-768.000000
            End Polygon
            Begin Polygon Texture=M15Tex.M15_Hallway_wall_01 Link=3
                Origin   128.000000,-128.000000,-128.000000
                Normal   0.000000,-1.000000,0.000000
                TextureU -1.000000,0.000000,0.000000
                TextureV 0.000000,0.000000,-1.000000
                Pan U=0 V=16896
                Vertex   1584.000000,1440.000000,-768.000000
                Vertex   1584.000000,1440.000000,-352.000000
                Vertex   -576.000000,1440.000000,-352.000000
                Vertex   -576.000000,1440.000000,-768.000000
            End Polygon
            Begin Polygon Texture=M15Tex.M15_anubiswall_01 Link=4
                Origin   -128.000000,128.000000,128.000000
                Normal   0.000000,0.000000,1.000000
                TextureU 1.000000,0.000000,0.000000
                TextureV 0.000000,1.000000,0.000000
                Pan U=0 V=16896
                Vertex   -576.000000,2560.000000,-352.000000
                Vertex   -576.000000,1440.000000,-352.000000
                Vertex   1584.000000,1440.000000,-352.000000
                Vertex   1584.000000,2560.000000,-352.000000
            End Polygon
            Begin Polygon Texture=M15Tex.M15_anubisfloor_01 Link=5
                Origin   -128.000000,-128.000000,-128.000000
                Normal   0.000000,0.000000,-1.000000
                TextureU 1.000000,0.000000,0.000000
                TextureV 0.000000,-1.000000,0.000000
                Pan U=0 V=16896
                Vertex   -576.000000,1440.000000,-768.000000
                Vertex   -576.000000,2560.000000,-768.000000
                Vertex   1584.000000,2560.000000,-768.000000
                Vertex   1584.000000,1440.000000,-768.000000
            End Polygon
        End PolyList
    End Brush
    CsgOper=CSG_Subtract
    MainScale=(Scale=(X=1.000000,Y=1.000000,Z=1.000000),SheerRate=0.000000,SheerAxis=SHEER_ZX)
    PostScale=(Scale=(X=1.000000,Y=1.000000,Z=1.000000),SheerRate=0.000000,SheerAxis=SHEER_ZX)
    Level=LevelInfo'LevelInfo0'
    Region=(Zone=LevelInfo'LevelInfo0',iLeaf=-1,ZoneNumber=0)
    Tag=Brush
    PhysicsVolume=DefaultPhysicsVolume'DefaultPhysicsVolume7'
    Location=(X=-2192.000000,Y=1072.000000,Z=-7648.000000)
    Brush=Model'Model8'
    PrePivot=(X=1584.000000,Y=2560.000000,Z=-352.000000)
End Actor
Begin Actor Class=Brush Name=Brush299
    Begin Brush Name=Model300
        Begin PolyList Name=Polys859
            Begin Polygon Texture=M15Tex.M15_Hallway_wall_01
                Origin   -128.000000,-128.000000,-128.000000
                Normal   -1.000000,0.000000,0.000000
                TextureU 0.000000,1.000000,0.000000
                TextureV 0.000000,0.000000,-1.000000
                Pan U=0 V=16896
                Vertex   768.000000,1136.000000,-768.000000
                Vertex   768.000000,1136.000000,-352.000000
                Vertex   768.000000,2968.000000,-352.000000
                Vertex   768.000000,2968.000000,-768.000000
            End Polygon
            Begin Polygon Texture=M15Tex.M15_Hallway_wall_01 Link=1
                Origin   -128.000000,128.000000,-128.000000
                Normal   0.000000,1.000000,0.000000
                TextureU 1.000000,0.000000,0.000000
                TextureV 0.000000,0.000000,-1.000000
                Pan U=0 V=16896
                Vertex   768.000000,2968.000000,-768.000000
                Vertex   768.000000,2968.000000,-352.000000
                Vertex   1648.000000,2968.000000,-352.000000
                Vertex   1648.000000,2968.000000,-768.000000
            End Polygon
            Begin Polygon Texture=M15Tex.M15_Wall_corridor_purple Link=2
                Origin   128.000000,128.000000,-128.000000
                Normal   1.000000,0.000000,0.000000
                TextureU 0.000000,-1.000000,0.000000
                TextureV 0.000000,0.000000,-1.000000
                Pan U=0 V=16896
                Vertex   1648.000000,2968.000000,-768.000000
                Vertex   1648.000000,2968.000000,-352.000000
                Vertex   1648.000000,1136.000000,-352.000000
                Vertex   1648.000000,1136.000000,-768.000000
            End Polygon
            Begin Polygon Texture=M15Tex.M15_Hallway_wall_01 Link=3
                Origin   128.000000,-128.000000,-128.000000
                Normal   0.000000,-1.000000,0.000000
                TextureU -1.000000,0.000000,0.000000
                TextureV 0.000000,0.000000,-1.000000
                Pan U=0 V=16896
                Vertex   1648.000000,1136.000000,-768.000000
                Vertex   1648.000000,1136.000000,-352.000000
                Vertex   768.000000,1136.000000,-352.000000
                Vertex   768.000000,1136.000000,-768.000000
            End Polygon
            Begin Polygon Texture=M15Tex.M15_anubiswall_01 Link=4
                Origin   -128.000000,128.000000,128.000000
                Normal   0.000000,0.000000,1.000000
                TextureU 1.000000,0.000000,0.000000
                TextureV 0.000000,1.000000,0.000000
                Pan U=0 V=16896
                Vertex   768.000000,2968.000000,-352.000000
                Vertex   768.000000,1136.000000,-352.000000
                Vertex   1648.000000,1136.000000,-352.000000
                Vertex   1648.000000,2968.000000,-352.000000
            End Polygon
            Begin Polygon Texture=M15Tex.M15_anubisfloor_01 Link=5
                Origin   -128.000000,-128.000000,-128.000000
                Normal   0.000000,0.000000,-1.000000
                TextureU 1.000000,0.000000,0.000000
                TextureV 0.000000,-1.000000,0.000000
                Pan U=0 V=16896
                Vertex   768.000000,1136.000000,-768.000000
                Vertex   768.000000,2968.000000,-768.000000
                Vertex   1648.000000,2968.000000,-768.000000
                Vertex   1648.000000,1136.000000,-768.000000
            End Polygon
        End PolyList
    End Brush
    CsgOper=CSG_Subtract
    MainScale=(Scale=(X=1.000000,Y=1.000000,Z=1.000000),SheerRate=0.000000,SheerAxis=SHEER_ZX)
    PostScale=(Scale=(X=1.000000,Y=1.000000,Z=1.000000),SheerRate=0.000000,SheerAxis=SHEER_ZX)
    Level=LevelInfo'LevelInfo0'
    Region=(Zone=ZoneInfo'ZoneInfo6',iLeaf=84,ZoneNumber=5)
    Tag=Brush
    PhysicsVolume=DefaultPhysicsVolume'DefaultPhysicsVolume7'
    Location=(X=-3008.000000,Y=-1920.000000,Z=-8064.000000)
    Brush=Model'Model300'
    PrePivot=(X=768.000000,Y=1136.000000,Z=-768.000000)
End Actor
Begin Actor Class=Light Name=Light93
    LightBrightness=200.000000
    LightRadius=16.000000
    Level=LevelInfo'LevelInfo0'
    Region=(Zone=ZoneInfo'ZoneInfo6',iLeaf=87,ZoneNumber=5)
    Tag=Light
    PhysicsVolume=DefaultPhysicsVolume'DefaultPhysicsVolume7'
    Location=(X=-2190.000000,Y=-746.000000,Z=-7861.000000)
End Actor
Begin Actor Class=TransportRings Name=TransportRings2
    bEmergeFromGround=True
    SpawnRoster=SQUAD_JaffaHorusH_Single'SQUAD_JaffaHorusH_Single3'
    SpawnScript=AI_Jaffa_Horus_Med_Encounter2g
    TeamIndex=1
    Level=LevelInfo'LevelInfo0'
    Region=(Zone=ZoneInfo'ZoneInfo6',iLeaf=92,ZoneNumber=5)
    Tag=TR_Captain
    PhysicsVolume=DefaultPhysicsVolume'DefaultPhysicsVolume7'
    Location=(X=-3776.837000,Y=-815.589400,Z=-8048.000000)
    Rotation=(Pitch=0,Yaw=16384,Roll=0)
End Actor
Begin Actor Class=Brush Name=Brush435
    Begin Brush Name=Model427
        Begin PolyList Name=Polys861
            Begin Polygon Item=Wall Texture=M15Tex.M15_anubisfloor_01
                Origin   2143.998000,1886.117000,8288.000000
                Normal   -0.923881,0.382680,0.000000
                TextureU -0.382682,-0.923880,0.000000
                TextureV 0.000000,0.000000,-1.000000
                Pan U=0 V=16896
                Vertex   -738.000000,57.684330,-128.000000
                Vertex   -738.000000,57.684330,256.000000
                Vertex   -693.850600,164.271500,256.000000
                Vertex   -693.850600,164.271500,-128.000000
            End Polygon
            Begin Polygon Item=Wall Texture=M15Tex.M15_anubisfloor_01 Link=1
                Origin   2143.998000,1886.117000,8288.000000
                Normal   -0.707105,0.707109,0.000000
                TextureU -0.707106,-0.707107,0.000000
                TextureV 0.000000,0.000000,-1.000000
                Pan U=0 V=16896
                Vertex   -693.850600,164.271500,-128.000000
                Vertex   -693.850600,164.271500,256.000000
                Vertex   -612.271500,245.850100,256.000000
                Vertex   -612.271500,245.850100,-128.000000
            End Polygon
            Begin Polygon Item=Wall Texture=M15Tex.M15_anubisfloor_01 Link=2
                Origin   2143.998000,1886.117000,8288.000000
                Normal   -0.382685,0.923879,0.000000
                TextureU -0.923879,-0.382684,0.000000
                TextureV 0.000000,0.000000,-1.000000
                Pan U=0 V=16896
                Vertex   -612.271500,245.850100,-128.000000
                Vertex   -612.271500,245.850100,256.000000
                Vertex   -505.684600,290.000000,256.000000
                Vertex   -505.684600,290.000000,-128.000000
            End Polygon
            Begin Polygon Item=Wall Texture=M15Tex.M15_anubisfloor_01 Link=3
                Origin   2143.998000,1886.117000,8288.000000
                Normal   0.000000,1.000000,0.000000
                TextureU -1.000000,-0.000001,0.000000
                TextureV 0.000000,0.000000,-1.000000
                Pan U=0 V=16896
                Vertex   -505.684600,290.000000,-128.000000
                Vertex   -505.684600,290.000000,256.000000
                Vertex   -390.315400,290.000000,256.000000
                Vertex   -390.315400,290.000000,-128.000000
            End Polygon
            Begin Polygon Item=Wall Texture=M15Tex.M15_anubisfloor_01 Link=4
                Origin   2143.998000,1886.117000,8288.000000
                Normal   0.382685,0.923879,0.000000
                TextureU -0.923880,0.382683,0.000000
                TextureV 0.000000,0.000000,-1.000000
                Pan U=0 V=16896
                Vertex   -390.315400,290.000000,-128.000000
                Vertex   -390.315400,290.000000,256.000000
                Vertex   -283.728500,245.850100,256.000000
                Vertex   -283.728500,245.850100,-128.000000
            End Polygon
            Begin Polygon Item=Wall Texture=M15Tex.M15_anubisfloor_01 Link=5
                Origin   2143.998000,1886.117000,8288.000000
                Normal   0.707107,0.707107,0.000000
                TextureU -0.707107,0.707106,0.000000
                TextureV 0.000000,0.000000,-1.000000
                Pan U=0 V=16896
                Vertex   -283.728500,245.850100,-128.000000
                Vertex   -283.728500,245.850100,256.000000
                Vertex   -202.150400,164.272000,256.000000
                Vertex   -202.150400,164.272000,-128.000000
            End Polygon
            Begin Polygon Item=Wall Texture=M15Tex.M15_anubisfloor_01 Link=6
                Origin   2143.998000,1886.117000,8288.000000
                Normal   0.923878,0.382687,0.000000
                TextureU -0.382684,0.923879,0.000000
                TextureV 0.000000,0.000000,-1.000000
                Pan U=0 V=16896
                Vertex   -202.150400,164.272000,-128.000000
                Vertex   -202.150400,164.272000,256.000000
                Vertex   -158.000000,57.684810,256.000000
                Vertex   -158.000000,57.684810,-128.000000
            End Polygon
            Begin Polygon Item=Wall Texture=M15Tex.M15_anubisfloor_01 Link=7
                Origin   2143.998000,1886.117000,8288.000000
                Normal   1.000000,0.000000,0.000000
                TextureU -0.000001,1.000000,0.000000
                TextureV 0.000000,0.000000,-1.000000
                Pan U=0 V=16896
                Vertex   -158.000000,57.684810,-128.000000
                Vertex   -158.000000,57.684810,256.000000
                Vertex   -158.000000,-57.684330,256.000000
                Vertex   -158.000000,-57.684330,-128.000000
            End Polygon
            Begin Polygon Item=Wall Texture=M15Tex.M15_anubisfloor_01 Link=8
                Origin   2143.998000,1886.117000,8288.000000
                Normal   0.923881,-0.382680,0.000000
                TextureU 0.382682,0.923880,0.000000
                TextureV 0.000000,0.000000,-1.000000
                Pan U=0 V=16896
                Vertex   -158.000000,-57.684330,-128.000000
                Vertex   -158.000000,-57.684330,256.000000
                Vertex   -202.149400,-164.271700,256.000000
                Vertex   -202.149400,-164.271700,-128.000000
            End Polygon
            Begin Polygon Item=Wall Texture=M15Tex.M15_anubisfloor_01 Link=9
                Origin   2143.998000,1886.117000,8288.000000
                Normal   0.707104,-0.707110,0.000000
                TextureU 0.707106,0.707107,0.000000
                TextureV 0.000000,0.000000,-1.000000
                Pan U=0 V=16896
                Vertex   -202.149400,-164.271700,-128.000000
                Vertex   -202.149400,-164.271700,256.000000
                Vertex   -283.728500,-245.850100,256.000000
                Vertex   -283.728500,-245.850100,-128.000000
            End Polygon
            Begin Polygon Item=Wall Texture=M15Tex.M15_anubisfloor_01 Link=10
                Origin   2143.998000,1886.117000,8288.000000
                Normal   0.382685,-0.923879,0.000000
                TextureU 0.923879,0.382684,0.000000
                TextureV 0.000000,0.000000,-1.000000
                Pan U=0 V=16896
                Vertex   -283.728500,-245.850100,-128.000000
                Vertex   -283.728500,-245.850100,256.000000
                Vertex   -390.315400,-290.000000,256.000000
                Vertex   -390.315400,-290.000000,-128.000000
            End Polygon
            Begin Polygon Item=Wall Texture=M15Tex.M15_anubisfloor_01 Link=11
                Origin   2143.998000,1886.117000,8288.000000
                Normal   0.000000,-1.000000,0.000000
                TextureU 1.000000,0.000001,0.000000
                TextureV 0.000000,0.000000,-1.000000
                Pan U=0 V=16896
                Vertex   -390.315400,-290.000000,-128.000000
                Vertex   -390.315400,-290.000000,256.000000
                Vertex   -505.684600,-290.000000,256.000000
                Vertex   -505.684600,-290.000000,-128.000000
            End Polygon
            Begin Polygon Item=Wall Texture=M15Tex.M15_anubisfloor_01 Link=12
                Origin   2143.998000,1886.117000,8288.000000
                Normal   -0.382685,-0.923879,0.000000
                TextureU 0.923880,-0.382682,0.000000
                TextureV 0.000000,0.000000,-1.000000
                Pan U=0 V=16896
                Vertex   -505.684600,-290.000000,-128.000000
                Vertex   -505.684600,-290.000000,256.000000
                Vertex   -612.271500,-245.850100,256.000000
                Vertex   -612.271500,-245.850100,-128.000000
            End Polygon
            Begin Polygon Item=Wall Texture=M15Tex.M15_anubisfloor_01 Link=13
                Origin   2143.998000,1886.117000,8288.000000
                Normal   -0.707107,-0.707107,0.000000
                TextureU 0.707107,-0.707106,0.000000
                TextureV 0.000000,0.000000,-1.000000
                Pan U=0 V=16896
                Vertex   -612.271500,-245.850100,-128.000000
                Vertex   -612.271500,-245.850100,256.000000
                Vertex   -693.849600,-164.272000,256.000000
                Vertex   -693.849600,-164.272000,-128.000000
            End Polygon
            Begin Polygon Item=Wall Texture=M15Tex.M15_anubisfloor_01 Link=14
                Origin   2143.998000,1886.117000,8288.000000
                Normal   -0.923878,-0.382687,0.000000
                TextureU 0.382684,-0.923879,0.000000
                TextureV 0.000000,0.000000,-1.000000
                Pan U=0 V=16896
                Vertex   -693.849600,-164.272000,-128.000000
                Vertex   -693.849600,-164.272000,256.000000
                Vertex   -738.000000,-57.684810,256.000000
                Vertex   -738.000000,-57.684810,-128.000000
            End Polygon
            Begin Polygon Item=Wall Texture=M15Tex.M15_anubisfloor_01 Link=15
                Origin   2143.998000,1886.117000,8288.000000
                Normal   -1.000000,0.000000,0.000000
                TextureU 0.000001,-1.000000,0.000000
                TextureV 0.000000,0.000000,-1.000000
                Pan U=0 V=16896
                Vertex   -738.000000,-57.684810,-128.000000
                Vertex   -738.000000,-57.684810,256.000000
                Vertex   -738.000000,57.684330,256.000000
                Vertex   -738.000000,57.684330,-128.000000
            End Polygon
            Begin Polygon Item=Wall Texture=M15Tex.M15_anubisfloor_01 Link=16
                Origin   2143.998000,1886.117000,8288.000000
                Normal   0.923881,-0.382679,0.000000
                TextureU 0.382682,0.923880,0.000000
                TextureV 0.000000,0.000000,-1.000000
                Pan U=0 V=16896
                Vertex   -621.791000,116.123000,-128.000000
                Vertex   -621.791000,116.123000,256.000000
                Vertex   -653.000000,40.776860,256.000000
                Vertex   -653.000000,40.776860,-128.000000
            End Polygon
            Begin Polygon Item=Wall Texture=M15Tex.M15_anubisfloor_01 Link=17
                Origin   2143.998000,1886.117000,8288.000000
                Normal   0.707104,-0.707110,0.000000
                TextureU 0.707106,0.707107,0.000000
                TextureV 0.000000,0.000000,-1.000000
                Pan U=0 V=16896
                Vertex   -564.123000,173.790500,-128.000000
                Vertex   -564.123000,173.790500,256.000000
                Vertex   -621.791000,116.123000,256.000000
                Vertex   -621.791000,116.123000,-128.000000
            End Polygon
            Begin Polygon Item=Wall Texture=M15Tex.M15_anubisfloor_01 Link=18
                Origin   2143.998000,1886.117000,8288.000000
                Normal   0.382686,-0.923878,0.000000
                TextureU 0.923879,0.382684,0.000000
                TextureV 0.000000,0.000000,-1.000000
                Pan U=0 V=16896
                Vertex   -488.777300,205.000000,-128.000000
                Vertex   -488.777300,205.000000,256.000000
                Vertex   -564.123000,173.790500,256.000000
                Vertex   -564.123000,173.790500,-128.000000
            End Polygon
            Begin Polygon Item=Wall Texture=M15Tex.M15_anubisfloor_01 Link=19
                Origin   2143.998000,1886.117000,8288.000000
                Normal   0.000000,-1.000000,0.000000
                TextureU 1.000000,0.000001,0.000000
                TextureV 0.000000,0.000000,-1.000000
                Pan U=0 V=16896
                Vertex   -407.222700,205.000000,-128.000000
                Vertex   -407.222700,205.000000,256.000000
                Vertex   -488.777300,205.000000,256.000000
                Vertex   -488.777300,205.000000,-128.000000
            End Polygon
            Begin Polygon Item=Wall Texture=M15Tex.M15_anubisfloor_01 Link=20
                Origin   2143.998000,1886.117000,8288.000000
                Normal   -0.382686,-0.923878,0.000000
                TextureU 0.923880,-0.382682,0.000000
                TextureV 0.000000,0.000000,-1.000000
                Pan U=0 V=16896
                Vertex   -331.877000,173.790500,-128.000000
                Vertex   -331.877000,173.790500,256.000000
                Vertex   -407.222700,205.000000,256.000000
                Vertex   -407.222700,205.000000,-128.000000
            End Polygon
            Begin Polygon Item=Wall Texture=M15Tex.M15_anubisfloor_01 Link=21
                Origin   2143.998000,1886.117000,8288.000000
                Normal   -0.707108,-0.707105,0.000000
                TextureU 0.707107,-0.707106,0.000000
                TextureV 0.000000,0.000000,-1.000000
                Pan U=0 V=16896
                Vertex   -274.210000,116.123300,-128.000000
                Vertex   -274.210000,116.123300,256.000000
                Vertex   -331.877000,173.790500,256.000000
                Vertex   -331.877000,173.790500,-128.000000
            End Polygon
            Begin Polygon Item=Wall Texture=M15Tex.M15_anubisfloor_01 Link=22
                Origin   2143.998000,1886.117000,8288.000000
                Normal   -0.923877,-0.382689,0.000000
                TextureU 0.382684,-0.923879,0.000000
                TextureV 0.000000,0.000000,-1.000000
                Pan U=0 V=16896
                Vertex   -243.000000,40.777100,-128.000000
                Vertex   -243.000000,40.777100,256.000000
                Vertex   -274.210000,116.123300,256.000000
                Vertex   -274.210000,116.123300,-128.000000
            End Polygon
            Begin Polygon Item=Wall Texture=M15Tex.M15_anubisfloor_01 Link=23
                Origin   2143.998000,1886.117000,8288.000000
                Normal   -1.000000,0.000000,0.000000
                TextureU 0.000001,-1.000000,0.000000
                TextureV 0.000000,0.000000,-1.000000
                Pan U=0 V=16896
                Vertex   -243.000000,-40.776860,-128.000000
                Vertex   -243.000000,-40.776860,256.000000
                Vertex   -243.000000,40.777100,256.000000
                Vertex   -243.000000,40.777100,-128.000000
            End Polygon
            Begin Polygon Item=Wall Texture=M15Tex.M15_anubisfloor_01 Link=24
                Origin   2143.998000,1886.117000,8288.000000
                Normal   -0.923881,0.382679,0.000000
                TextureU -0.382682,-0.923880,0.000000
                TextureV 0.000000,0.000000,-1.000000
                Pan U=0 V=16896
                Vertex   -274.209000,-116.123000,-128.000000
                Vertex   -274.209000,-116.123000,256.000000
                Vertex   -243.000000,-40.776860,256.000000
                Vertex   -243.000000,-40.776860,-128.000000
            End Polygon
            Begin Polygon Item=Wall Texture=M15Tex.M15_anubisfloor_01 Link=25
                Origin   2143.998000,1886.117000,8288.000000
                Normal   -0.707104,0.707110,0.000000
                TextureU -0.707106,-0.707107,0.000000
                TextureV 0.000000,0.000000,-1.000000
                Pan U=0 V=16896
                Vertex   -331.877000,-173.790500,-128.000000
                Vertex   -331.877000,-173.790500,256.000000
                Vertex   -274.209000,-116.123000,256.000000
                Vertex   -274.209000,-116.123000,-128.000000
            End Polygon
            Begin Polygon Item=Wall Texture=M15Tex.M15_anubisfloor_01 Link=26
                Origin   2143.998000,1886.117000,8288.000000
                Normal   -0.382686,0.923878,0.000000
                TextureU -0.923879,-0.382684,0.000000
                TextureV 0.000000,0.000000,-1.000000
                Pan U=0 V=16896
                Vertex   -407.222700,-205.000000,-128.000000
                Vertex   -407.222700,-205.000000,256.000000
                Vertex   -331.877000,-173.790500,256.000000
                Vertex   -331.877000,-173.790500,-128.000000
            End Polygon
            Begin Polygon Item=Wall Texture=M15Tex.M15_anubisfloor_01 Link=27
                Origin   2143.998000,1886.117000,8288.000000
                Normal   0.000000,1.000000,0.000000
                TextureU -1.000000,-0.000001,0.000000
                TextureV 0.000000,0.000000,-1.000000
                Pan U=0 V=16896
                Vertex   -488.777300,-205.000000,-128.000000
                Vertex   -488.777300,-205.000000,256.000000
                Vertex   -407.222700,-205.000000,256.000000
                Vertex   -407.222700,-205.000000,-128.000000
            End Polygon
            Begin Polygon Item=Wall Texture=M15Tex.M15_anubisfloor_01 Link=28
                Origin   2143.998000,1886.117000,8288.000000
                Normal   0.382686,0.923878,0.000000
                TextureU -0.923880,0.382683,0.000000
                TextureV 0.000000,0.000000,-1.000000
                Pan U=0 V=16896
                Vertex   -564.123000,-173.790500,-128.000000
                Vertex   -564.123000,-173.790500,256.000000
                Vertex   -488.777300,-205.000000,256.000000
                Vertex   -488.777300,-205.000000,-128.000000
            End Polygon
            Begin Polygon Item=Wall Texture=M15Tex.M15_anubisfloor_01 Link=29
                Origin   2143.998000,1886.117000,8288.000000
                Normal   0.707108,0.707105,0.000000
                TextureU -0.707107,0.707106,0.000000
                TextureV 0.000000,0.000000,-1.000000
                Pan U=0 V=16896
                Vertex   -621.790000,-116.123300,-128.000000
                Vertex   -621.790000,-116.123300,256.000000
                Vertex   -564.123000,-173.790500,256.000000
                Vertex   -564.123000,-173.790500,-128.000000
            End Polygon
            Begin Polygon Item=Wall Texture=M15Tex.M15_anubisfloor_01 Link=30
                Origin   2143.998000,1886.117000,8288.000000
                Normal   0.923877,0.382689,0.000000
                TextureU -0.382684,0.923879,0.000000
                TextureV 0.000000,0.000000,-1.000000
                Pan U=0 V=16896
                Vertex   -653.000000,-40.777100,-128.000000
                Vertex   -653.000000,-40.777100,256.000000
                Vertex   -621.790000,-116.123300,256.000000
                Vertex   -621.790000,-116.123300,-128.000000
            End Polygon
            Begin Polygon Item=Wall Texture=M15Tex.M15_anubisfloor_01 Link=31
                Origin   2143.998000,1886.117000,8288.000000
                Normal   1.000000,0.000000,0.000000
                TextureU -0.000001,1.000000,0.000000
                TextureV 0.000000,0.000000,-1.000000
                Pan U=0 V=16896
                Vertex   -653.000000,40.776860,-128.000000
                Vertex   -653.000000,40.776860,256.000000
                Vertex   -653.000000,-40.777100,256.000000
                Vertex   -653.000000,-40.777100,-128.000000
            End Polygon
            Begin Polygon Item=Cap Texture=M15Tex.M15_anubisfloor_01 Link=32
                Origin   -205.000000,40.776870,256.000000
                Normal   0.000000,0.000000,1.000000
                TextureU -0.923880,0.382682,0.000000
                TextureV -0.382682,-0.923880,0.000000
                Pan U=0 V=16896
                Vertex   -653.000000,40.776860,256.000000
                Vertex   -621.791000,116.123000,256.000000
                Vertex   -693.850600,164.271500,256.000000
                Vertex   -738.000000,57.684330,256.000000
            End Polygon
            Begin Polygon Item=Cap Texture=M15Tex.M15_anubisfloor_01 Link=33
                Origin   -173.790600,116.123000,256.000000
                Normal   0.000000,0.000000,1.000000
                TextureU -0.707107,0.707106,0.000000
                TextureV -0.707106,-0.707107,0.000000
                Pan U=0 V=16896
                Vertex   -621.791000,116.123000,256.000000
                Vertex   -564.123000,173.790500,256.000000
                Vertex   -612.271500,245.850100,256.000000
                Vertex   -693.850600,164.271500,256.000000
            End Polygon
            Begin Polygon Item=Cap Texture=M15Tex.M15_anubisfloor_01 Link=34
                Origin   -116.123300,173.790500,256.000000
                Normal   0.000000,0.000000,1.000000
                TextureU -0.382684,0.923879,0.000000
                TextureV -0.923879,-0.382684,0.000000
                Pan U=0 V=16896
                Vertex   -564.123000,173.790500,256.000000
                Vertex   -488.777300,205.000000,256.000000
                Vertex   -505.684600,290.000000,256.000000
                Vertex   -612.271500,245.850100,256.000000
            End Polygon
            Begin Polygon Item=Cap Texture=M15Tex.M15_anubisfloor_01 Link=35
                Origin   -40.777140,204.999900,256.000000
                Normal   0.000000,0.000000,1.000000
                TextureU -0.000001,1.000000,0.000000
                TextureV -1.000000,-0.000001,0.000000
                Pan U=0 V=16896
                Vertex   -488.777300,205.000000,256.000000
                Vertex   -407.222700,205.000000,256.000000
                Vertex   -390.315400,290.000000,256.000000
                Vertex   -505.684600,290.000000,256.000000
            End Polygon
            Begin Polygon Item=Cap Texture=M15Tex.M15_anubisfloor_01 Link=36
                Origin   40.776870,205.000000,256.000000
                Normal   0.000000,0.000000,1.000000
                TextureU 0.382683,0.923880,0.000000
                TextureV -0.923880,0.382683,0.000000
                Pan U=0 V=16896
                Vertex   -407.222700,205.000000,256.000000
                Vertex   -331.877000,173.790500,256.000000
                Vertex   -283.728500,245.850100,256.000000
                Vertex   -390.315400,290.000000,256.000000
            End Polygon
            Begin Polygon Item=Cap Texture=M15Tex.M15_anubisfloor_01 Link=37
                Origin   116.123000,173.790600,256.000000
                Normal   0.000000,0.000000,1.000000
                TextureU 0.707106,0.707107,0.000000
                TextureV -0.707107,0.707106,0.000000
                Pan U=0 V=16896
                Vertex   -331.877000,173.790500,256.000000
                Vertex   -274.210000,116.123300,256.000000
                Vertex   -202.150400,164.272000,256.000000
                Vertex   -283.728500,245.850100,256.000000
            End Polygon
            Begin Polygon Item=Cap Texture=M15Tex.M15_anubisfloor_01 Link=38
                Origin   173.790500,116.123300,256.000000
                Normal   0.000000,0.000000,1.000000
                TextureU 0.923879,0.382684,0.000000
                TextureV -0.382684,0.923879,0.000000
                Pan U=0 V=16896
                Vertex   -274.210000,116.123300,256.000000
                Vertex   -243.000000,40.777100,256.000000
                Vertex   -158.000000,57.684810,256.000000
                Vertex   -202.150400,164.272000,256.000000
            End Polygon
            Begin Polygon Item=Cap Texture=M15Tex.M15_anubisfloor_01 Link=39
                Origin   204.999900,40.777170,256.000000
                Normal   0.000000,0.000000,1.000000
                TextureU 1.000000,0.000001,0.000000
                TextureV -0.000001,1.000000,0.000000
                Pan U=0 V=16896
                Vertex   -243.000000,40.777100,256.000000
                Vertex   -243.000000,-40.776860,256.000000
                Vertex   -158.000000,-57.684330,256.000000
                Vertex   -158.000000,57.684810,256.000000
            End Polygon
            Begin Polygon Item=Cap Texture=M15Tex.M15_anubisfloor_01 Link=40
                Origin   205.000000,-40.776890,256.000000
                Normal   0.000000,0.000000,1.000000
                TextureU 0.923879,-0.382683,0.000000
                TextureV 0.382683,0.923879,0.000000
                Pan U=0 V=16896
                Vertex   -243.000000,-40.776860,256.000000
                Vertex   -274.209000,-116.123000,256.000000
                Vertex   -202.149400,-164.271700,256.000000
                Vertex   -158.000000,-57.684330,256.000000
            End Polygon
            Begin Polygon Item=Cap Texture=M15Tex.M15_anubisfloor_01 Link=41
                Origin   173.790600,-116.123000,256.000000
                Normal   0.000000,0.000000,1.000000
                TextureU 0.707107,-0.707106,0.000000
                TextureV 0.707106,0.707107,0.000000
                Pan U=0 V=16896
                Vertex   -274.209000,-116.123000,256.000000
                Vertex   -331.877000,-173.790500,256.000000
                Vertex   -283.728500,-245.850100,256.000000
                Vertex   -202.149400,-164.271700,256.000000
            End Polygon
            Begin Polygon Item=Cap Texture=M15Tex.M15_anubisfloor_01 Link=42
                Origin   116.123200,-173.790500,256.000000
                Normal   0.000000,0.000000,1.000000
                TextureU 0.382684,-0.923879,0.000000
                TextureV 0.923879,0.382684,0.000000
                Pan U=0 V=16896
                Vertex   -331.877000,-173.790500,256.000000
                Vertex   -407.222700,-205.000000,256.000000
                Vertex   -390.315400,-290.000000,256.000000
                Vertex   -283.728500,-245.850100,256.000000
            End Polygon
            Begin Polygon Item=Cap Texture=M15Tex.M15_anubisfloor_01 Link=43
                Origin   40.777190,-205.000000,256.000000
                Normal   0.000000,0.000000,1.000000
                TextureU 0.000001,-1.000000,0.000000
                TextureV 1.000000,0.000001,0.000000
                Pan U=0 V=16896
                Vertex   -407.222700,-205.000000,256.000000
                Vertex   -488.777300,-205.000000,256.000000
                Vertex   -505.684600,-290.000000,256.000000
                Vertex   -390.315400,-290.000000,256.000000
            End Polygon
            Begin Polygon Item=Cap Texture=M15Tex.M15_anubisfloor_01 Link=44
                Origin   -40.776890,-205.000000,256.000000
                Normal   0.000000,0.000000,1.000000
                TextureU -0.382683,-0.923880,0.000000
                TextureV 0.923880,-0.382683,0.000000
                Pan U=0 V=16896
                Vertex   -488.777300,-205.000000,256.000000
                Vertex   -564.123000,-173.790500,256.000000
                Vertex   -612.271500,-245.850100,256.000000
                Vertex   -505.684600,-290.000000,256.000000
            End Polygon
            Begin Polygon Item=Cap Texture=M15Tex.M15_anubisfloor_01 Link=45
                Origin   -116.123100,-173.790600,256.000000
                Normal   0.000000,0.000000,1.000000
                TextureU -0.707106,-0.707107,0.000000
                TextureV 0.707107,-0.707106,0.000000
                Pan U=0 V=16896
                Vertex   -564.123000,-173.790500,256.000000
                Vertex   -621.790000,-116.123300,256.000000
                Vertex   -693.849600,-164.272000,256.000000
                Vertex   -612.271500,-245.850100,256.000000
            End Polygon
            Begin Polygon Item=Cap Texture=M15Tex.M15_anubisfloor_01 Link=46
                Origin   -173.790500,-116.123300,256.000000
                Normal   0.000000,0.000000,1.000000
                TextureU -0.923879,-0.382684,0.000000
                TextureV 0.382684,-0.923879,0.000000
                Pan U=0 V=16896
                Vertex   -621.790000,-116.123300,256.000000
                Vertex   -653.000000,-40.777100,256.000000
                Vertex   -738.000000,-57.684810,256.000000
                Vertex   -693.849600,-164.272000,256.000000
            End Polygon
            Begin Polygon Item=Cap Texture=M15Tex.M15_anubisfloor_01 Link=47
                Origin   -204.999900,-40.777140,256.000000
                Normal   0.000000,0.000000,1.000000
                TextureU -1.000000,-0.000001,0.000000
                TextureV 0.000001,-1.000000,0.000000
                Pan U=0 V=16896
                Vertex   -653.000000,-40.777100,256.000000
                Vertex   -653.000000,40.776860,256.000000
                Vertex   -738.000000,57.684330,256.000000
                Vertex   -738.000000,-57.684810,256.000000
            End Polygon
            Begin Polygon Item=Cap Texture=M15Tex.M15_anubisfloor_01 Link=48
                Origin   2143.998000,1886.117000,8288.000000
                Normal   0.000000,0.000000,-1.000000
                TextureU -1.000000,-0.000001,0.000000
                TextureV 0.000001,-1.000000,0.000000
                Pan U=0 V=16896
                Vertex   -738.000000,57.684330,-128.000000
                Vertex   -693.850600,164.271500,-128.000000
