Begin Map
	Begin Level Name=/Game/RestrictedAssets/Maps/WIP/pro-UT2004/pro-UT2004
	Begin Actor Class=Brush Name=BigAdditiveBrush
		Begin Object Name="BrushComponent0"
			RelativeLocation=(X=-8890.626500,Y=10432.000000,Z=-5010.030000)
		End Object
		BrushType=Brush_Add
		Begin Brush Name=Model_6
			Begin PolyList
				Begin Polygon Item=Side LightMapScale=2048.0 Link=0
					Origin   +00000.000000,+00000.000000,+00000.000000
					Normal   -00001.000000,+00000.000000,+00000.000000
					TextureU +00000.000000,+00001.000000,+00000.000000
					TextureV +00000.000000,+00000.000000,-00001.000000
					Vertex   -114083.373500,-71588.000000,-19665.970000
					Vertex   -114083.373500,-71588.000000,+19665.970000
					Vertex   -114083.373500,+71588.000000,+19665.970000
					Vertex   -114083.373500,+71588.000000,-19665.970000
				End Polygon
				Begin Polygon Item=Side LightMapScale=2048.0 Link=1
					Origin   +00000.000000,+00000.000000,+00000.000000
					Normal   +00000.000000,+00001.000000,+00000.000000
					TextureU +00001.000000,+00000.000000,+00000.000000
					TextureV +00000.000000,+00000.000000,-00001.000000
					Vertex   -114083.373500,+71588.000000,-19665.970000
					Vertex   -114083.373500,+71588.000000,+19665.970000
					Vertex   +114083.373500,+71588.000000,+19665.970000
					Vertex   +114083.373500,+71588.000000,-19665.970000
				End Polygon
				Begin Polygon Item=Side LightMapScale=2048.0 Link=2
					Origin   +00000.000000,+00000.000000,+00000.000000
					Normal   +00001.000000,+00000.000000,+00000.000000
					TextureU +00000.000000,-00001.000000,+00000.000000
					TextureV +00000.000000,+00000.000000,-00001.000000
					Vertex   +114083.373500,+71588.000000,-19665.970000
					Vertex   +114083.373500,+71588.000000,+19665.970000
					Vertex   +114083.373500,-71588.000000,+19665.970000
					Vertex   +114083.373500,-71588.000000,-19665.970000
				End Polygon
				Begin Polygon Item=Side LightMapScale=2048.0 Link=3
					Origin   +00000.000000,+00000.000000,+00000.000000
					Normal   +00000.000000,-00001.000000,+00000.000000
					TextureU -00001.000000,+00000.000000,+00000.000000
					TextureV +00000.000000,+00000.000000,-00001.000000
					Vertex   +114083.373500,-71588.000000,-19665.970000
					Vertex   +114083.373500,-71588.000000,+19665.970000
					Vertex   -114083.373500,-71588.000000,+19665.970000
					Vertex   -114083.373500,-71588.000000,-19665.970000
				End Polygon
				Begin Polygon Item=Side LightMapScale=2048.0 Link=4
					Origin   +00000.000000,+00000.000000,+00000.000000
					Normal   +00000.000000,+00000.000000,+00001.000000
					TextureU +00001.000000,+00000.000000,+00000.000000
					TextureV +00000.000000,+00001.000000,+00000.000000
					Vertex   -114083.373500,+71588.000000,+19665.970000
					Vertex   -114083.373500,-71588.000000,+19665.970000
					Vertex   +114083.373500,-71588.000000,+19665.970000
					Vertex   +114083.373500,+71588.000000,+19665.970000
				End Polygon
				Begin Polygon Item=Side LightMapScale=2048.0 Link=5
					Origin   +00000.000000,+00000.000000,+00000.000000
					Normal   +00000.000000,+00000.000000,-00001.000000
					TextureU +00001.000000,+00000.000000,+00000.000000
					TextureV +00000.000000,-00001.000000,+00000.000000
					Vertex   -114083.373500,-71588.000000,-19665.970000
					Vertex   -114083.373500,+71588.000000,-19665.970000
					Vertex   +114083.373500,+71588.000000,-19665.970000
					Vertex   +114083.373500,-71588.000000,-19665.970000
				End Polygon
			End PolyList
		End Brush
		Brush=Model'Model_6'
		BrushComponent=BrushComponent0
		ActorLabel="BigAdditiveBrush"
	End Actor
	Begin Actor Class=Note Name=LevelInfo0_Note
		Begin Object Class=SceneComponent Name="SceneComp"
		End Object
		Begin Object Name="SceneComp"
			RelativeLocation=(X=0.000000,Y=0.000000,Z=0.000000)
		End Object
		Text=""
		RootComponent=SceneComp
		SpriteScale=4.0
		ActorLabel="LevelInfo0_Note"
	End Actor
	Begin Actor Class=Brush Name=Brush0_Brush
		Begin Object Name="BrushComponent0"
			RelativeLocation=(X=-8872.000000,Y=-2260.000000,Z=-512.000000)
		End Object
		BrushType=Brush_Add
		Begin Brush Name=Model_6
			Begin PolyList
				Begin Polygon Item=Side LightMapScale=128.0 Link=0
					Origin   -00128.000000,-00128.000000,-00128.000000
					Normal   -00001.000000,+00000.000000,+00000.000000
					TextureU +00000.000000,+00001.000000,+00000.000000
					TextureV +00000.000000,+00000.000000,-00001.000000
					Vertex   -00128.000000,-00128.000000,-00128.000000
					Vertex   -00128.000000,-00128.000000,+00128.000000
					Vertex   -00128.000000,+00128.000000,+00128.000000
					Vertex   -00128.000000,+00128.000000,-00128.000000
				End Polygon
				Begin Polygon Item=Side LightMapScale=128.0 Link=1
					Origin   -00128.000000,+00128.000000,-00128.000000
					Normal   +00000.000000,+00001.000000,+00000.000000
					TextureU +00001.000000,+00000.000000,+00000.000000
					TextureV +00000.000000,+00000.000000,-00001.000000
					Vertex   -00128.000000,+00128.000000,-00128.000000
					Vertex   -00128.000000,+00128.000000,+00128.000000
					Vertex   +00128.000000,+00128.000000,+00128.000000
					Vertex   +00128.000000,+00128.000000,-00128.000000
				End Polygon
				Begin Polygon Item=Side LightMapScale=128.0 Link=2
					Origin   +00128.000000,+00128.000000,-00128.000000
					Normal   +00001.000000,+00000.000000,+00000.000000
					TextureU +00000.000000,-00001.000000,+00000.000000
					TextureV +00000.000000,+00000.000000,-00001.000000
					Vertex   +00128.000000,+00128.000000,-00128.000000
					Vertex   +00128.000000,+00128.000000,+00128.000000
					Vertex   +00128.000000,-00128.000000,+00128.000000
					Vertex   +00128.000000,-00128.000000,-00128.000000
				End Polygon
				Begin Polygon Item=Side LightMapScale=128.0 Link=3
					Origin   +00128.000000,-00128.000000,-00128.000000
					Normal   +00000.000000,-00001.000000,+00000.000000
					TextureU -00001.000000,+00000.000000,+00000.000000
					TextureV +00000.000000,+00000.000000,-00001.000000
					Vertex   +00128.000000,-00128.000000,-00128.000000
					Vertex   +00128.000000,-00128.000000,+00128.000000
					Vertex   -00128.000000,-00128.000000,+00128.000000
					Vertex   -00128.000000,-00128.000000,-00128.000000
				End Polygon
				Begin Polygon Item=Side LightMapScale=128.0 Link=4
					Origin   -00128.000000,+00128.000000,+00128.000000
					Normal   +00000.000000,+00000.000000,+00001.000000
					TextureU +00001.000000,+00000.000000,+00000.000000
					TextureV +00000.000000,+00001.000000,+00000.000000
					Vertex   -00128.000000,+00128.000000,+00128.000000
					Vertex   -00128.000000,-00128.000000,+00128.000000
					Vertex   +00128.000000,-00128.000000,+00128.000000
					Vertex   +00128.000000,+00128.000000,+00128.000000
				End Polygon
				Begin Polygon Item=Side LightMapScale=128.0 Link=5
					Origin   -00128.000000,-00128.000000,-00128.000000
					Normal   +00000.000000,+00000.000000,-00001.000000
					TextureU +00001.000000,+00000.000000,+00000.000000
					TextureV +00000.000000,-00001.000000,+00000.000000
					Vertex   -00128.000000,-00128.000000,-00128.000000
					Vertex   -00128.000000,+00128.000000,-00128.000000
					Vertex   +00128.000000,+00128.000000,-00128.000000
					Vertex   +00128.000000,-00128.000000,-00128.000000
				End Polygon
			End PolyList
		End Brush
		Brush=Model'Model_6'
		BrushComponent=BrushComponent0
		ActorLabel="Brush0_Brush"
		Tags(0)="Brush"
	End Actor
	Begin Actor Class=PointLight Name=Light61_Light
		Begin Object Class=PointLightComponent Name="LightComponent0"
		End Object
		Begin Object Name="LightComponent0"
			bUseInverseSquaredFalloff=False
			LightFalloffExponent=1.9
			AttenuationRadius=66000.0
			SourceRadius=3000.0
			LightColor=(B=95.0,G=77.66114,R=60.725494,A=255.0)
			Intensity=70.0
			Mobility=Static
			RelativeLocation=(X=-105443.000000,Y=-17781.300000,Z=321.393000)
			RelativeRotation=(Pitch=0.000000,Yaw=67.456055,Roll=0.000000)
		End Object
		LightEffect=NewEnumerator0
		LightType=NewEnumerator1
		LightComponent="LightComponent0"
		RootComponent="LightComponent0"
		ActorLabel="Light61_Light"
		Tags(0)="Light"
	End Actor
	Begin Actor Class=Note Name=Kaminoan4_Kaminoan
		Begin Object Class=SceneComponent Name="SceneComp"
		End Object
		Begin Object Name="SceneComp"
			RelativeLocation=(X=-105398.000000,Y=-17645.900000,Z=175.139000)
			RelativeRotation=(Pitch=0.000000,Yaw=-115.482788,Roll=0.000000)
		End Object
		Text="Unconverted: Kaminoan"
		RootComponent=SceneComp
		ActorLabel="Kaminoan4_Kaminoan"
		Tags(0)="Kaminoan"
	End Actor
	Begin Actor Class=Note Name=Kaminoan9_Kaminoan
		Begin Object Class=SceneComponent Name="SceneComp"
		End Object
		Begin Object Name="SceneComp"
			RelativeLocation=(X=-105327.000000,Y=-17632.900000,Z=141.410000)
			RelativeRotation=(Pitch=0.000000,Yaw=-136.620483,Roll=0.000000)
		End Object
		Text="Unconverted: Kaminoan"
		RootComponent=SceneComp
		ActorLabel="Kaminoan9_Kaminoan"
		Tags(0)="Kaminoan"
	End Actor
	Begin Actor Class=TriggerVolume Name=ScriptedTrigger37_ScriptedTrigger->StartDispatcher
		Begin Object Name="BrushComponent0"
			RelativeLocation=(X=-13633.000000,Y=-177.200000,Z=-882.901000)
		End Object
		BrushType=Brush_Add
		Begin Brush Name=Model_6
			Begin PolyList
				Begin Polygon Item=Side Link=0
					Origin   +00016.568532,+00039.999974,-00020.000000
					Normal   +00000.999999,+00000.000000,+00000.000000
					TextureU +00000.000000,-00000.999999,+00000.000000
					TextureV +00000.000000,+00000.000000,-00001.000000
					Vertex   +00016.568532,+00039.999974,-00020.000000
					Vertex   +00016.568532,+00039.999974,+00020.000000
					Vertex   +00039.999974,+00016.568532,+00020.000000
					Vertex   +00039.999974,+00016.568532,-00020.000000
				End Polygon
				Begin Polygon Item=Side Link=1
					Origin   +00039.999974,+00016.568532,-00020.000000
					Normal   +00000.999999,+00000.000000,+00000.000000
					TextureU +00000.000000,-00000.999999,+00000.000000
					TextureV +00000.000000,+00000.000000,-00001.000000
					Vertex   +00039.999974,+00016.568532,-00020.000000
					Vertex   +00039.999974,+00016.568532,+00020.000000
					Vertex   +00039.999974,-00016.568532,+00020.000000
					Vertex   +00039.999974,-00016.568532,-00020.000000
				End Polygon
				Begin Polygon Item=Side Link=2
					Origin   +00039.999974,-00016.568532,-00020.000000
					Normal   +00000.999999,+00000.000000,+00000.000000
					TextureU +00000.000000,-00000.999999,+00000.000000
					TextureV +00000.000000,+00000.000000,-00001.000000
					Vertex   +00039.999974,-00016.568532,-00020.000000
					Vertex   +00039.999974,-00016.568532,+00020.000000
					Vertex   +00016.568532,-00039.999974,+00020.000000
					Vertex   +00016.568532,-00039.999974,-00020.000000
				End Polygon
				Begin Polygon Item=Side Link=3
					Origin   +00016.568532,-00039.999974,-00020.000000
					Normal   +00000.999999,+00000.000000,+00000.000000
					TextureU +00000.000000,-00000.999999,+00000.000000
					TextureV +00000.000000,+00000.000000,-00001.000000
					Vertex   +00016.568532,-00039.999974,-00020.000000
					Vertex   +00016.568532,-00039.999974,+00020.000000
					Vertex   -00016.568532,-00039.999974,+00020.000000
					Vertex   -00016.568532,-00039.999974,-00020.000000
				End Polygon
				Begin Polygon Item=Side Link=4
					Origin   -00016.568532,-00039.999974,-00020.000000
					Normal   +00000.999999,+00000.000000,+00000.000000
					TextureU +00000.000000,-00000.999999,+00000.000000
					TextureV +00000.000000,+00000.000000,-00001.000000
					Vertex   -00016.568532,-00039.999974,-00020.000000
					Vertex   -00016.568532,-00039.999974,+00020.000000
					Vertex   -00039.999974,-00016.568532,+00020.000000
					Vertex   -00039.999974,-00016.568532,-00020.000000
				End Polygon
				Begin Polygon Item=Side Link=5
					Origin   -00039.999974,-00016.568532,-00020.000000
					Normal   +00000.999999,+00000.000000,+00000.000000
					TextureU +00000.000000,-00000.999999,+00000.000000
					TextureV +00000.000000,+00000.000000,-00001.000000
					Vertex   -00039.999974,-00016.568532,-00020.000000
					Vertex   -00039.999974,-00016.568532,+00020.000000
					Vertex   -00039.999974,+00016.568532,+00020.000000
					Vertex   -00039.999974,+00016.568532,-00020.000000
				End Polygon
				Begin Polygon Item=Side Link=6
					Origin   -00039.999974,+00016.568532,-00020.000000
					Normal   +00000.999999,+00000.000000,+00000.000000
					TextureU +00000.000000,-00000.999999,+00000.000000
					TextureV +00000.000000,+00000.000000,-00001.000000
					Vertex   -00039.999974,+00016.568532,-00020.000000
					Vertex   -00039.999974,+00016.568532,+00020.000000
					Vertex   -00016.568532,+00039.999974,+00020.000000
					Vertex   -00016.568532,+00039.999974,-00020.000000
				End Polygon
				Begin Polygon Item=Side Link=7
					Origin   -00016.568532,+00039.999974,-00020.000000
					Normal   +00000.999999,+00000.000000,+00000.000000
					TextureU +00000.000000,-00000.999999,+00000.000000
					TextureV +00000.000000,+00000.000000,-00001.000000
					Vertex   -00016.568532,+00039.999974,-00020.000000
					Vertex   -00016.568532,+00039.999974,+00020.000000
					Vertex   +00016.568532,+00039.999974,+00020.000000
					Vertex   +00016.568532,+00039.999974,-00020.000000
				End Polygon
				Begin Polygon Item=Side Link=8
					Origin   -00016.568532,+00039.999974,+00020.000000
					Normal   +00000.999999,+00000.000000,+00000.000000
					TextureU +00000.000000,-00000.999999,+00000.000000
					TextureV +00000.000000,+00000.000000,-00001.000000
					Vertex   -00016.568532,+00039.999974,+00020.000000
					Vertex   -00039.999974,+00016.568532,+00020.000000
					Vertex   -00039.999974,-00016.568532,+00020.000000
					Vertex   -00016.568532,-00039.999974,+00020.000000
					Vertex   +00016.568532,-00039.999974,+00020.000000
					Vertex   +00039.999974,-00016.568532,+00020.000000
					Vertex   +00039.999974,+00016.568532,+00020.000000
					Vertex   +00016.568532,+00039.999974,+00020.000000
				End Polygon
				Begin Polygon Item=Side Link=9
					Origin   +00016.568532,+00039.999974,-00020.000000
					Normal   +00000.999999,+00000.000000,+00000.000000
					TextureU +00000.000000,-00000.999999,+00000.000000
					TextureV +00000.000000,+00000.000000,-00001.000000
					Vertex   +00016.568532,+00039.999974,-00020.000000
					Vertex   +00039.999974,+00016.568532,-00020.000000
					Vertex   +00039.999974,-00016.568532,-00020.000000
					Vertex   +00016.568532,-00039.999974,-00020.000000
					Vertex   -00016.568532,-00039.999974,-00020.000000
					Vertex   -00039.999974,-00016.568532,-00020.000000
					Vertex   -00039.999974,+00016.568532,-00020.000000
					Vertex   -00016.568532,+00039.999974,-00020.000000
				End Polygon
			End PolyList
		End Brush
		Brush=Model'Model_6'
		BrushComponent=BrushComponent0
		ActorLabel="ScriptedTrigger37_ScriptedTrigger->StartDispatcher"
		Tags(0)="ScriptedTrigger"
		Event="StartDispatcher"
	End Actor
	Begin Actor Class=TriggerVolume Name=ScriptedTrigger40_levelstart
		Begin Object Name="BrushComponent0"
			RelativeLocation=(X=-107136.000000,Y=-17661.600000,Z=270.215000)
		End Object
		BrushType=Brush_Add
		Begin Brush Name=Model_6
			Begin PolyList
				Begin Polygon Item=Side Link=0
					Origin   -00024.026177,+00036.017487,-00020.000000
					Normal   +00000.556208,+00000.831043,+00000.000000
					TextureU +00000.831043,-00000.556208,+00000.000000
					TextureV +00000.000000,+00000.000000,-00001.000000
					Vertex   -00024.026177,+00036.017487,-00020.000000
					Vertex   -00024.026177,+00036.017487,+00020.000000
					Vertex   +00008.479137,+00042.457283,+00020.000000
					Vertex   +00008.479137,+00042.457283,-00020.000000
				End Polygon
				Begin Polygon Item=Side Link=1
					Origin   +00008.479137,+00042.457283,-00020.000000
					Normal   +00000.556208,+00000.831043,+00000.000000
					TextureU +00000.831043,-00000.556208,+00000.000000
					TextureV +00000.000000,+00000.000000,-00001.000000
					Vertex   +00008.479137,+00042.457283,-00020.000000
					Vertex   +00008.479137,+00042.457283,+00020.000000
					Vertex   +00036.017487,+00024.026177,+00020.000000
					Vertex   +00036.017487,+00024.026177,-00020.000000
				End Polygon
				Begin Polygon Item=Side Link=2
					Origin   +00036.017487,+00024.026177,-00020.000000
					Normal   +00000.556208,+00000.831043,+00000.000000
					TextureU +00000.831043,-00000.556208,+00000.000000
					TextureV +00000.000000,+00000.000000,-00001.000000
					Vertex   +00036.017487,+00024.026177,-00020.000000
					Vertex   +00036.017487,+00024.026177,+00020.000000
					Vertex   +00042.457283,-00008.479137,+00020.000000
					Vertex   +00042.457283,-00008.479137,-00020.000000
				End Polygon
				Begin Polygon Item=Side Link=3
					Origin   +00042.457283,-00008.479137,-00020.000000
					Normal   +00000.556208,+00000.831043,+00000.000000
					TextureU +00000.831043,-00000.556208,+00000.000000
					TextureV +00000.000000,+00000.000000,-00001.000000
					Vertex   +00042.457283,-00008.479137,-00020.000000
					Vertex   +00042.457283,-00008.479137,+00020.000000
					Vertex   +00024.026177,-00036.017487,+00020.000000
					Vertex   +00024.026177,-00036.017487,-00020.000000
				End Polygon
				Begin Polygon Item=Side Link=4
					Origin   +00024.026177,-00036.017487,-00020.000000
					Normal   +00000.556208,+00000.831043,+00000.000000
					TextureU +00000.831043,-00000.556208,+00000.000000
					TextureV +00000.000000,+00000.000000,-00001.000000
					Vertex   +00024.026177,-00036.017487,-00020.000000
					Vertex   +00024.026177,-00036.017487,+00020.000000
					Vertex   -00008.479137,-00042.457283,+00020.000000
					Vertex   -00008.479137,-00042.457283,-00020.000000
				End Polygon
				Begin Polygon Item=Side Link=5
					Origin   -00008.479137,-00042.457283,-00020.000000
					Normal   +00000.556208,+00000.831043,+00000.000000
					TextureU +00000.831043,-00000.556208,+00000.000000
					TextureV +00000.000000,+00000.000000,-00001.000000
					Vertex   -00008.479137,-00042.457283,-00020.000000
					Vertex   -00008.479137,-00042.457283,+00020.000000
					Vertex   -00036.017487,-00024.026177,+00020.000000
					Vertex   -00036.017487,-00024.026177,-00020.000000
				End Polygon
				Begin Polygon Item=Side Link=6
					Origin   -00036.017487,-00024.026177,-00020.000000
					Normal   +00000.556208,+00000.831043,+00000.000000
					TextureU +00000.831043,-00000.556208,+00000.000000
					TextureV +00000.000000,+00000.000000,-00001.000000
					Vertex   -00036.017487,-00024.026177,-00020.000000
					Vertex   -00036.017487,-00024.026177,+00020.000000
					Vertex   -00042.457283,+00008.479137,+00020.000000
					Vertex   -00042.457283,+00008.479137,-00020.000000
				End Polygon
				Begin Polygon Item=Side Link=7
					Origin   -00042.457283,+00008.479137,-00020.000000
					Normal   +00000.556208,+00000.831043,+00000.000000
					TextureU +00000.831043,-00000.556208,+00000.000000
					TextureV +00000.000000,+00000.000000,-00001.000000
					Vertex   -00042.457283,+00008.479137,-00020.000000
					Vertex   -00042.457283,+00008.479137,+00020.000000
					Vertex   -00024.026177,+00036.017487,+00020.000000
					Vertex   -00024.026177,+00036.017487,-00020.000000
				End Polygon
				Begin Polygon Item=Side Link=8
					Origin   -00042.457283,+00008.479137,+00020.000000
					Normal   +00000.556208,+00000.831043,+00000.000000
					TextureU +00000.831043,-00000.556208,+00000.000000
					TextureV +00000.000000,+00000.000000,-00001.000000
					Vertex   -00042.457283,+00008.479137,+00020.000000
					Vertex   -00036.017487,-00024.026177,+00020.000000
					Vertex   -00008.479137,-00042.457283,+00020.000000
					Vertex   +00024.026177,-00036.017487,+00020.000000
					Vertex   +00042.457283,-00008.479137,+00020.000000
					Vertex   +00036.017487,+00024.026177,+00020.000000
					Vertex   +00008.479137,+00042.457283,+00020.000000
					Vertex   -00024.026177,+00036.017487,+00020.000000
				End Polygon
				Begin Polygon Item=Side Link=9
					Origin   -00024.026177,+00036.017487,-00020.000000
					Normal   +00000.556208,+00000.831043,+00000.000000
					TextureU +00000.831043,-00000.556208,+00000.000000
					TextureV +00000.000000,+00000.000000,-00001.000000
					Vertex   -00024.026177,+00036.017487,-00020.000000
					Vertex   +00008.479137,+00042.457283,-00020.000000
					Vertex   +00036.017487,+00024.026177,-00020.000000
					Vertex   +00042.457283,-00008.479137,-00020.000000
					Vertex   +00024.026177,-00036.017487,-00020.000000
					Vertex   -00008.479137,-00042.457283,-00020.000000
					Vertex   -00036.017487,-00024.026177,-00020.000000
					Vertex   -00042.457283,+00008.479137,-00020.000000
				End Polygon
			End PolyList
		End Brush
		Brush=Model'Model_6'
		BrushComponent=BrushComponent0
		SpriteScale=4.0
		ActorLabel="ScriptedTrigger40_levelstart"
		Tags(0)="levelstart"
	End Actor
	Begin Actor Class=Note Name=Dispatcher1_NurseryDispatcher
		Begin Object Class=SceneComponent Name="SceneComp"
		End Object
		Begin Object Name="SceneComp"
			RelativeLocation=(X=-107132.000000,Y=-17881.200000,Z=314.215000)
			RelativeRotation=(Pitch=0.000000,Yaw=56.206055,Roll=0.000000)
		End Object
		Text="Unconverted: Dispatcher"
		RootComponent=SceneComp
		SpriteScale=4.0
		ActorLabel="Dispatcher1_NurseryDispatcher"
		Tags(0)="NurseryDispatcher"
	End Actor
	Begin Actor Class=TriggerVolume Name=ScriptedTrigger41_levelstart->NurseryDispatcher
		Begin Object Name="BrushComponent0"
			RelativeLocation=(X=-107369.000000,Y=-18454.800000,Z=269.214000)
		End Object
		BrushType=Brush_Add
		Begin Brush Name=Model_6
			Begin PolyList
				Begin Polygon Item=Side Link=0
					Origin   -00024.026177,+00036.017487,-00020.000000
					Normal   +00000.556208,+00000.831043,+00000.000000
					TextureU +00000.831043,-00000.556208,+00000.000000
					TextureV +00000.000000,+00000.000000,-00001.000000
					Vertex   -00024.026177,+00036.017487,-00020.000000
					Vertex   -00024.026177,+00036.017487,+00020.000000
					Vertex   +00008.479137,+00042.457283,+00020.000000
					Vertex   +00008.479137,+00042.457283,-00020.000000
				End Polygon
				Begin Polygon Item=Side Link=1
					Origin   +00008.479137,+00042.457283,-00020.000000
					Normal   +00000.556208,+00000.831043,+00000.000000
					TextureU +00000.831043,-00000.556208,+00000.000000
					TextureV +00000.000000,+00000.000000,-00001.000000
					Vertex   +00008.479137,+00042.457283,-00020.000000
					Vertex   +00008.479137,+00042.457283,+00020.000000
					Vertex   +00036.017487,+00024.026177,+00020.000000
					Vertex   +00036.017487,+00024.026177,-00020.000000
				End Polygon
				Begin Polygon Item=Side Link=2
					Origin   +00036.017487,+00024.026177,-00020.000000
					Normal   +00000.556208,+00000.831043,+00000.000000
					TextureU +00000.831043,-00000.556208,+00000.000000
					TextureV +00000.000000,+00000.000000,-00001.000000
					Vertex   +00036.017487,+00024.026177,-00020.000000
					Vertex   +00036.017487,+00024.026177,+00020.000000
					Vertex   +00042.457283,-00008.479137,+00020.000000
					Vertex   +00042.457283,-00008.479137,-00020.000000
				End Polygon
				Begin Polygon Item=Side Link=3
					Origin   +00042.457283,-00008.479137,-00020.000000
					Normal   +00000.556208,+00000.831043,+00000.000000
					TextureU +00000.831043,-00000.556208,+00000.000000
					TextureV +00000.000000,+00000.000000,-00001.000000
					Vertex   +00042.457283,-00008.479137,-00020.000000
					Vertex   +00042.457283,-00008.479137,+00020.000000
					Vertex   +00024.026177,-00036.017487,+00020.000000
					Vertex   +00024.026177,-00036.017487,-00020.000000
				End Polygon
				Begin Polygon Item=Side Link=4
					Origin   +00024.026177,-00036.017487,-00020.000000
					Normal   +00000.556208,+00000.831043,+00000.000000
					TextureU +00000.831043,-00000.556208,+00000.000000
					TextureV +00000.000000,+00000.000000,-00001.000000
					Vertex   +00024.026177,-00036.017487,-00020.000000
					Vertex   +00024.026177,-00036.017487,+00020.000000
					Vertex   -00008.479137,-00042.457283,+00020.000000
					Vertex   -00008.479137,-00042.457283,-00020.000000
				End Polygon
				Begin Polygon Item=Side Link=5
					Origin   -00008.479137,-00042.457283,-00020.000000
					Normal   +00000.556208,+00000.831043,+00000.000000
					TextureU +00000.831043,-00000.556208,+00000.000000
					TextureV +00000.000000,+00000.000000,-00001.000000
					Vertex   -00008.479137,-00042.457283,-00020.000000
					Vertex   -00008.479137,-00042.457283,+00020.000000
					Vertex   -00036.017487,-00024.026177,+00020.000000
					Vertex   -00036.017487,-00024.026177,-00020.000000
				End Polygon
				Begin Polygon Item=Side Link=6
					Origin   -00036.017487,-00024.026177,-00020.000000
					Normal   +00000.556208,+00000.831043,+00000.000000
					TextureU +00000.831043,-00000.556208,+00000.000000
					TextureV +00000.000000,+00000.000000,-00001.000000
					Vertex   -00036.017487,-00024.026177,-00020.000000
					Vertex   -00036.017487,-00024.026177,+00020.000000
					Vertex   -00042.457283,+00008.479137,+00020.000000
					Vertex   -00042.457283,+00008.479137,-00020.000000
				End Polygon
				Begin Polygon Item=Side Link=7
					Origin   -00042.457283,+00008.479137,-00020.000000
					Normal   +00000.556208,+00000.831043,+00000.000000
					TextureU +00000.831043,-00000.556208,+00000.000000
					TextureV +00000.000000,+00000.000000,-00001.000000
					Vertex   -00042.457283,+00008.479137,-00020.000000
					Vertex   -00042.457283,+00008.479137,+00020.000000
					Vertex   -00024.026177,+00036.017487,+00020.000000
					Vertex   -00024.026177,+00036.017487,-00020.000000
				End Polygon
				Begin Polygon Item=Side Link=8
					Origin   -00042.457283,+00008.479137,+00020.000000
					Normal   +00000.556208,+00000.831043,+00000.000000
					TextureU +00000.831043,-00000.556208,+00000.000000
					TextureV +00000.000000,+00000.000000,-00001.000000
					Vertex   -00042.457283,+00008.479137,+00020.000000
					Vertex   -00036.017487,-00024.026177,+00020.000000
					Vertex   -00008.479137,-00042.457283,+00020.000000
					Vertex   +00024.026177,-00036.017487,+00020.000000
					Vertex   +00042.457283,-00008.479137,+00020.000000
					Vertex   +00036.017487,+00024.026177,+00020.000000
					Vertex   +00008.479137,+00042.457283,+00020.000000
					Vertex   -00024.026177,+00036.017487,+00020.000000
				End Polygon
				Begin Polygon Item=Side Link=9
					Origin   -00024.026177,+00036.017487,-00020.000000
					Normal   +00000.556208,+00000.831043,+00000.000000
					TextureU +00000.831043,-00000.556208,+00000.000000
					TextureV +00000.000000,+00000.000000,-00001.000000
					Vertex   -00024.026177,+00036.017487,-00020.000000
					Vertex   +00008.479137,+00042.457283,-00020.000000
					Vertex   +00036.017487,+00024.026177,-00020.000000
					Vertex   +00042.457283,-00008.479137,-00020.000000
					Vertex   +00024.026177,-00036.017487,-00020.000000
					Vertex   -00008.479137,-00042.457283,-00020.000000
					Vertex   -00036.017487,-00024.026177,-00020.000000
					Vertex   -00042.457283,+00008.479137,-00020.000000
				End Polygon
			End PolyList
		End Brush
		Brush=Model'Model_6'
		BrushComponent=BrushComponent0
		SpriteScale=24.0
		ActorLabel="ScriptedTrigger41_levelstart->NurseryDispatcher"
		Tags(0)="levelstart"
		Event="NurseryDispatcher"
	End Actor
	Begin Actor Class=Note Name=SpawnPoint27_Bubbles
		Begin Object Class=SceneComponent Name="SceneComp"
		End Object
		Begin Object Name="SceneComp"
			RelativeLocation=(X=-105420.000000,Y=-17716.000000,Z=320.000000)
			RelativeRotation=(Pitch=-0.302124,Yaw=54.206543,Roll=0.000000)
		End Object
		Text="Unconverted: SpawnPoint"
		RootComponent=SceneComp
		ActorLabel="SpawnPoint27_Bubbles"
		Tags(0)="Bubbles"
	End Actor
	Begin Actor Class=Note Name=FXFactory0_Bubbles
		Begin Object Class=SceneComponent Name="SceneComp"
		End Object
		Begin Object Name="SceneComp"
			RelativeLocation=(X=-107127.000000,Y=-17453.400000,Z=172.215000)
			RelativeRotation=(Pitch=0.000000,Yaw=56.206055,Roll=0.000000)
		End Object
		Text="Unconverted: FXFactory"
		RootComponent=SceneComp
		SpriteScale=4.0
		ActorLabel="FXFactory0_Bubbles"
		Tags(0)="Bubbles"
	End Actor
	Begin Actor Class=TriggerVolume Name=ScriptedTrigger36_ToSchool->ToSchool
		Begin Object Name="BrushComponent0"
			RelativeLocation=(X=-107118.000000,Y=-17260.000000,Z=241.214000)
		End Object
		BrushType=Brush_Add
		Begin Brush Name=Model_6
			Begin PolyList
				Begin Polygon Item=Side Link=0
					Origin   -00024.026177,+00036.017487,-00020.000000
					Normal   +00000.556208,+00000.831043,+00000.000000
					TextureU +00000.831043,-00000.556208,+00000.000000
					TextureV +00000.000000,+00000.000000,-00001.000000
					Vertex   -00024.026177,+00036.017487,-00020.000000
					Vertex   -00024.026177,+00036.017487,+00020.000000
					Vertex   +00008.479137,+00042.457283,+00020.000000
					Vertex   +00008.479137,+00042.457283,-00020.000000
				End Polygon
				Begin Polygon Item=Side Link=1
					Origin   +00008.479137,+00042.457283,-00020.000000
					Normal   +00000.556208,+00000.831043,+00000.000000
					TextureU +00000.831043,-00000.556208,+00000.000000
					TextureV +00000.000000,+00000.000000,-00001.000000
					Vertex   +00008.479137,+00042.457283,-00020.000000
					Vertex   +00008.479137,+00042.457283,+00020.000000
					Vertex   +00036.017487,+00024.026177,+00020.000000
					Vertex   +00036.017487,+00024.026177,-00020.000000
				End Polygon
				Begin Polygon Item=Side Link=2
					Origin   +00036.017487,+00024.026177,-00020.000000
					Normal   +00000.556208,+00000.831043,+00000.000000
					TextureU +00000.831043,-00000.556208,+00000.000000
					TextureV +00000.000000,+00000.000000,-00001.000000
					Vertex   +00036.017487,+00024.026177,-00020.000000
					Vertex   +00036.017487,+00024.026177,+00020.000000
					Vertex   +00042.457283,-00008.479137,+00020.000000
					Vertex   +00042.457283,-00008.479137,-00020.000000
				End Polygon
				Begin Polygon Item=Side Link=3
					Origin   +00042.457283,-00008.479137,-00020.000000
					Normal   +00000.556208,+00000.831043,+00000.000000
					TextureU +00000.831043,-00000.556208,+00000.000000
					TextureV +00000.000000,+00000.000000,-00001.000000
					Vertex   +00042.457283,-00008.479137,-00020.000000
					Vertex   +00042.457283,-00008.479137,+00020.000000
					Vertex   +00024.026177,-00036.017487,+00020.000000
					Vertex   +00024.026177,-00036.017487,-00020.000000
				End Polygon
				Begin Polygon Item=Side Link=4
					Origin   +00024.026177,-00036.017487,-00020.000000
					Normal   +00000.556208,+00000.831043,+00000.000000
					TextureU +00000.831043,-00000.556208,+00000.000000
					TextureV +00000.000000,+00000.000000,-00001.000000
					Vertex   +00024.026177,-00036.017487,-00020.000000
					Vertex   +00024.026177,-00036.017487,+00020.000000
					Vertex   -00008.479137,-00042.457283,+00020.000000
					Vertex   -00008.479137,-00042.457283,-00020.000000
				End Polygon
				Begin Polygon Item=Side Link=5
					Origin   -00008.479137,-00042.457283,-00020.000000
					Normal   +00000.556208,+00000.831043,+00000.000000
					TextureU +00000.831043,-00000.556208,+00000.000000
					TextureV +00000.000000,+00000.000000,-00001.000000
					Vertex   -00008.479137,-00042.457283,-00020.000000
					Vertex   -00008.479137,-00042.457283,+00020.000000
					Vertex   -00036.017487,-00024.026177,+00020.000000
					Vertex   -00036.017487,-00024.026177,-00020.000000
				End Polygon
				Begin Polygon Item=Side Link=6
					Origin   -00036.017487,-00024.026177,-00020.000000
					Normal   +00000.556208,+00000.831043,+00000.000000
					TextureU +00000.831043,-00000.556208,+00000.000000
					TextureV +00000.000000,+00000.000000,-00001.000000
					Vertex   -00036.017487,-00024.026177,-00020.000000
					Vertex   -00036.017487,-00024.026177,+00020.000000
					Vertex   -00042.457283,+00008.479137,+00020.000000
					Vertex   -00042.457283,+00008.479137,-00020.000000
				End Polygon
				Begin Polygon Item=Side Link=7
					Origin   -00042.457283,+00008.479137,-00020.000000
					Normal   +00000.556208,+00000.831043,+00000.000000
					TextureU +00000.831043,-00000.556208,+00000.000000
					TextureV +00000.000000,+00000.000000,-00001.000000
					Vertex   -00042.457283,+00008.479137,-00020.000000
					Vertex   -00042.457283,+00008.479137,+00020.000000
					Vertex   -00024.026177,+00036.017487,+00020.000000
					Vertex   -00024.026177,+00036.017487,-00020.000000
				End Polygon
				Begin Polygon Item=Side Link=8
					Origin   -00042.457283,+00008.479137,+00020.000000
					Normal   +00000.556208,+00000.831043,+00000.000000
					TextureU +00000.831043,-00000.556208,+00000.000000
					TextureV +00000.000000,+00000.000000,-00001.000000
					Vertex   -00042.457283,+00008.479137,+00020.000000
					Vertex   -00036.017487,-00024.026177,+00020.000000
					Vertex   -00008.479137,-00042.457283,+00020.000000
					Vertex   +00024.026177,-00036.017487,+00020.000000
					Vertex   +00042.457283,-00008.479137,+00020.000000
					Vertex   +00036.017487,+00024.026177,+00020.000000
					Vertex   +00008.479137,+00042.457283,+00020.000000
					Vertex   -00024.026177,+00036.017487,+00020.000000
				End Polygon
				Begin Polygon Item=Side Link=9
					Origin   -00024.026177,+00036.017487,-00020.000000
					Normal   +00000.556208,+00000.831043,+00000.000000
					TextureU +00000.831043,-00000.556208,+00000.000000
					TextureV +00000.000000,+00000.000000,-00001.000000
					Vertex   -00024.026177,+00036.017487,-00020.000000
					Vertex   +00008.479137,+00042.457283,-00020.000000
					Vertex   +00036.017487,+00024.026177,-00020.000000
					Vertex   +00042.457283,-00008.479137,-00020.000000
					Vertex   +00024.026177,-00036.017487,-00020.000000
					Vertex   -00008.479137,-00042.457283,-00020.000000
					Vertex   -00036.017487,-00024.026177,-00020.000000
					Vertex   -00042.457283,+00008.479137,-00020.000000
				End Polygon
			End PolyList
		End Brush
		Brush=Model'Model_6'
		BrushComponent=BrushComponent0
		SpriteScale=4.0
		ActorLabel="ScriptedTrigger36_ToSchool->ToSchool"
		Tags(0)="ToSchool"
		Event="ToSchool"
	End Actor
	Begin Actor Class=Note Name=Dispatcher5_School_Dispatcher
		Begin Object Class=SceneComponent Name="SceneComp"
		End Object
		Begin Object Name="SceneComp"
			RelativeLocation=(X=-87497.000000,Y=12676.500000,Z=-10635.400000)
			RelativeRotation=(Pitch=0.000000,Yaw=90.000000,Roll=0.000000)
		End Object
		Text="Unconverted: Dispatcher"
		RootComponent=SceneComp
		SpriteScale=4.0
		ActorLabel="Dispatcher5_School_Dispatcher"
		Tags(0)="School_Dispatcher"
	End Actor
	Begin Actor Class=TriggerVolume Name=ScriptedTrigger21_HoloGlowScript
		Begin Object Name="BrushComponent0"
			RelativeLocation=(X=-86735.300000,Y=12423.400000,Z=-10629.200000)
		End Object
		BrushType=Brush_Add
		Begin Brush Name=Model_6
			Begin PolyList
				Begin Polygon Item=Side Link=0
					Origin   +00002.592774,-00043.217984,-00020.000000
					Normal   -00000.899304,-00000.437323,+00000.000000
					TextureU -00000.437323,+00000.899304,+00000.000000
					TextureV +00000.000000,+00000.000000,-00001.000000
					Vertex   +00002.592774,-00043.217984,-00020.000000
					Vertex   +00002.592774,-00043.217984,+00020.000000
					Vertex   -00028.726361,-00032.393098,+00020.000000
					Vertex   -00028.726361,-00032.393098,-00020.000000
				End Polygon
				Begin Polygon Item=Side Link=1
					Origin   -00028.726361,-00032.393098,-00020.000000
					Normal   -00000.899304,-00000.437323,+00000.000000
					TextureU -00000.437323,+00000.899304,+00000.000000
					TextureV +00000.000000,+00000.000000,-00001.000000
					Vertex   -00028.726361,-00032.393098,-00020.000000
					Vertex   -00028.726361,-00032.393098,+00020.000000
					Vertex   -00043.217984,-00002.592774,+00020.000000
					Vertex   -00043.217984,-00002.592774,-00020.000000
				End Polygon
				Begin Polygon Item=Side Link=2
					Origin   -00043.217984,-00002.592774,-00020.000000
					Normal   -00000.899304,-00000.437323,+00000.000000
					TextureU -00000.437323,+00000.899304,+00000.000000
					TextureV +00000.000000,+00000.000000,-00001.000000
					Vertex   -00043.217984,-00002.592774,-00020.000000
					Vertex   -00043.217984,-00002.592774,+00020.000000
					Vertex   -00032.393098,+00028.726361,+00020.000000
					Vertex   -00032.393098,+00028.726361,-00020.000000
				End Polygon
				Begin Polygon Item=Side Link=3
					Origin   -00032.393098,+00028.726361,-00020.000000
					Normal   -00000.899304,-00000.437323,+00000.000000
					TextureU -00000.437323,+00000.899304,+00000.000000
					TextureV +00000.000000,+00000.000000,-00001.000000
					Vertex   -00032.393098,+00028.726361,-00020.000000
					Vertex   -00032.393098,+00028.726361,+00020.000000
					Vertex   -00002.592774,+00043.217984,+00020.000000
					Vertex   -00002.592774,+00043.217984,-00020.000000
				End Polygon
				Begin Polygon Item=Side Link=4
					Origin   -00002.592774,+00043.217984,-00020.000000
					Normal   -00000.899304,-00000.437323,+00000.000000
					TextureU -00000.437323,+00000.899304,+00000.000000
					TextureV +00000.000000,+00000.000000,-00001.000000
					Vertex   -00002.592774,+00043.217984,-00020.000000
					Vertex   -00002.592774,+00043.217984,+00020.000000
					Vertex   +00028.726361,+00032.393098,+00020.000000
					Vertex   +00028.726361,+00032.393098,-00020.000000
				End Polygon
				Begin Polygon Item=Side Link=5
					Origin   +00028.726361,+00032.393098,-00020.000000
					Normal   -00000.899304,-00000.437323,+00000.000000
					TextureU -00000.437323,+00000.899304,+00000.000000
					TextureV +00000.000000,+00000.000000,-00001.000000
					Vertex   +00028.726361,+00032.393098,-00020.000000
					Vertex   +00028.726361,+00032.393098,+00020.000000
					Vertex   +00043.217984,+00002.592774,+00020.000000
					Vertex   +00043.217984,+00002.592774,-00020.000000
				End Polygon
				Begin Polygon Item=Side Link=6
					Origin   +00043.217984,+00002.592774,-00020.000000
					Normal   -00000.899304,-00000.437323,+00000.000000
					TextureU -00000.437323,+00000.899304,+00000.000000
					TextureV +00000.000000,+00000.000000,-00001.000000
					Vertex   +00043.217984,+00002.592774,-00020.000000
					Vertex   +00043.217984,+00002.592774,+00020.000000
					Vertex   +00032.393098,-00028.726361,+00020.000000
					Vertex   +00032.393098,-00028.726361,-00020.000000
				End Polygon
				Begin Polygon Item=Side Link=7
					Origin   +00032.393098,-00028.726361,-00020.000000
					Normal   -00000.899304,-00000.437323,+00000.000000
					TextureU -00000.437323,+00000.899304,+00000.000000
					TextureV +00000.000000,+00000.000000,-00001.000000
					Vertex   +00032.393098,-00028.726361,-00020.000000
					Vertex   +00032.393098,-00028.726361,+00020.000000
					Vertex   +00002.592774,-00043.217984,+00020.000000
					Vertex   +00002.592774,-00043.217984,-00020.000000
				End Polygon
				Begin Polygon Item=Side Link=8
					Origin   +00032.393098,-00028.726361,+00020.000000
					Normal   -00000.899304,-00000.437323,+00000.000000
					TextureU -00000.437323,+00000.899304,+00000.000000
					TextureV +00000.000000,+00000.000000,-00001.000000
					Vertex   +00032.393098,-00028.726361,+00020.000000
					Vertex   +00043.217984,+00002.592774,+00020.000000
					Vertex   +00028.726361,+00032.393098,+00020.000000
					Vertex   -00002.592774,+00043.217984,+00020.000000
					Vertex   -00032.393098,+00028.726361,+00020.000000
					Vertex   -00043.217984,-00002.592774,+00020.000000
					Vertex   -00028.726361,-00032.393098,+00020.000000
					Vertex   +00002.592774,-00043.217984,+00020.000000
				End Polygon
				Begin Polygon Item=Side Link=9
					Origin   +00002.592774,-00043.217984,-00020.000000
					Normal   -00000.899304,-00000.437323,+00000.000000
					TextureU -00000.437323,+00000.899304,+00000.000000
					TextureV +00000.000000,+00000.000000,-00001.000000
					Vertex   +00002.592774,-00043.217984,-00020.000000
					Vertex   -00028.726361,-00032.393098,-00020.000000
					Vertex   -00043.217984,-00002.592774,-00020.000000
					Vertex   -00032.393098,+00028.726361,-00020.000000
					Vertex   -00002.592774,+00043.217984,-00020.000000
					Vertex   +00028.726361,+00032.393098,-00020.000000
					Vertex   +00043.217984,+00002.592774,-00020.000000
