Begin Map
Begin Actor Class=LevelInfo Name=LevelInfo0
    TimeSeconds=32.787000
    Title="M20 - Tartarus Interior"
    Author="Christopher 'Chrustec' Glerum"
    Summary=LevelSummary'LevelSummary'
    VisibleGroups="None,SkyBox,First Section"
    bHasPathNodes=True
    CameraLocationDynamic=(X=4694.161000,Y=7882.838000,Z=3835.813000)
    CameraLocationTop=(X=5134.265000,Y=7919.104000,Z=40000.000000)
    CameraLocationFront=(X=5134.265000,Y=3567.000000,Z=40000.000000)
    CameraLocationSide=(X=7919.104000,Y=3567.000000,Z=40000.000000)
    CameraRotationDynamic=(Pitch=60988,Yaw=61060,Roll=0)
    LoadLipSincWithPrefix=("on_","te_","ja_","ca_","M20_")
    MissionBriefing="Location: Tartarus                                                                                                                                     Local time: Day                                                                                                                     Briefing: The Haaken are bombarding Anubis' base. It's only a matter of time before they find the artifact. Keep out of sight, locate and retrieve the artifact."
    NavigationPointList=PathNode'PathNode44'
    Level=LevelInfo'LevelInfo0'
    Region=(Zone=LevelInfo'LevelInfo0',iLeaf=-1,ZoneNumber=0)
    Tag=LevelInfo
    PhysicsVolume=DefaultPhysicsVolume'DefaultPhysicsVolume12'
End Actor
Begin Actor Class=Brush Name=Brush25
    Begin Brush Name=Brush
        Begin PolyList Name=Polys1766
        End PolyList
    End Brush
    MainScale=(Scale=(X=1.000000,Y=1.000000,Z=1.000000),SheerRate=0.000000,SheerAxis=SHEER_ZX)
    PostScale=(Scale=(X=1.000000,Y=1.000000,Z=1.000000),SheerRate=0.000000,SheerAxis=SHEER_ZX)
    Level=LevelInfo'LevelInfo0'
    Region=(Zone=ZoneInfo'ZoneInfo10',iLeaf=446,ZoneNumber=1)
    Tag=Brush
    PhysicsVolume=DefaultPhysicsVolume'DefaultPhysicsVolume12'
    Brush=Model'Brush'
End Actor
Begin Actor Class=DefaultPhysicsVolume Name=DefaultPhysicsVolume12
    Priority=-1000000
    bNoDelete=True
    Level=LevelInfo'LevelInfo0'
    Region=(Zone=ZoneInfo'ZoneInfo10',iLeaf=446,ZoneNumber=1)
    Tag=DefaultPhysicsVolume
    PhysicsVolume=DefaultPhysicsVolume'DefaultPhysicsVolume12'
End Actor
Begin Actor Class=Brush Name=Brush40
    Begin Brush Name=Model40
        Begin PolyList Name=Polys1770
            Begin Polygon Item=Wall Texture=M20Tex.M20_security_gate_wall
                Origin   269.614500,2048.000000,-192.000000
                Normal   0.258814,0.965927,0.000000
                TextureU 0.965926,-0.258814,0.000000
                TextureV 0.000000,0.000000,-1.000000
                Pan U=0 V=16896
                Vertex   269.614500,2048.000000,-192.000000
                Vertex   269.614500,2048.000000,192.000000
                Vertex   790.489100,1908.434000,192.000000
                Vertex   790.489100,1908.434000,-192.000000
            End Polygon
            Begin Polygon Item=Wall Texture=M20Tex.M20_security_gate_wall Link=1
                Origin   790.489100,1908.434000,-192.000000
                Normal   0.499996,0.866028,0.000000
                TextureU 0.866027,-0.499996,0.000000
                TextureV 0.000000,0.000000,-1.000000
                Pan U=0 V=16896
                Vertex   790.489100,1908.434000,-192.000000
                Vertex   790.489100,1908.434000,192.000000
                Vertex   1257.493000,1638.812000,192.000000
                Vertex   1257.493000,1638.812000,-192.000000
            End Polygon
            Begin Polygon Item=Wall Texture=M20Tex.M20_security_gate_wall Link=2
                Origin   1257.493000,1638.812000,-192.000000
                Normal   0.707103,0.707110,0.000000
                TextureU 0.707109,-0.707103,0.000000
                TextureV 0.000000,0.000000,-1.000000
                Pan U=0 V=16896
                Vertex   1257.493000,1638.812000,-192.000000
                Vertex   1257.493000,1638.812000,192.000000
                Vertex   1638.801000,1257.508000,192.000000
                Vertex   1638.801000,1257.508000,-192.000000
            End Polygon
            Begin Polygon Item=Wall Texture=M20Tex.M20_security_gate_wall Link=3
                Origin   1638.801000,1257.508000,-192.000000
                Normal   0.866023,0.500004,0.000000
                TextureU 0.500004,-0.866022,0.000000
                TextureV 0.000000,0.000000,-1.000000
                Pan U=0 V=16896
                Vertex   1638.801000,1257.508000,-192.000000
                Vertex   1638.801000,1257.508000,192.000000
                Vertex   1908.427000,790.506600,192.000000
                Vertex   1908.427000,790.506600,-192.000000
            End Polygon
            Begin Polygon Item=Wall Texture=M20Tex.M20_security_gate_wall Link=4
                Origin   1908.427000,790.506600,-192.000000
                Normal   0.965925,0.258822,0.000000
                TextureU 0.258823,-0.965924,0.000000
                TextureV 0.000000,0.000000,-1.000000
                Pan U=0 V=16896
                Vertex   1908.427000,790.506600,-192.000000
                Vertex   1908.427000,790.506600,192.000000
                Vertex   2047.997000,269.633100,192.000000
                Vertex   2047.997000,269.633100,-192.000000
            End Polygon
            Begin Polygon Item=Wall Texture=M20Tex.M20_security_gate_wall Link=5
                Origin   2047.997000,269.633100,-192.000000
                Normal   1.000000,0.000005,0.000000
                TextureU 0.000005,-0.999999,0.000000
                TextureV 0.000000,0.000000,-1.000000
                Pan U=0 V=16896
                Vertex   2047.997000,269.633100,-192.000000
                Vertex   2047.997000,269.633100,192.000000
                Vertex   2048.000000,-269.614500,192.000000
                Vertex   2048.000000,-269.614500,-192.000000
            End Polygon
            Begin Polygon Item=Wall Texture=M20Tex.M20_security_gate_wall Link=6
                Origin   2048.000000,-269.614500,-192.000000
                Normal   0.965927,-0.258814,0.000000
                TextureU -0.258814,-0.965926,0.000000
                TextureV 0.000000,0.000000,-1.000000
                Pan U=0 V=16896
                Vertex   2048.000000,-269.614500,-192.000000
                Vertex   2048.000000,-269.614500,192.000000
                Vertex   1908.434000,-790.489100,192.000000
                Vertex   1908.434000,-790.489100,-192.000000
            End Polygon
            Begin Polygon Item=Wall Texture=M20Tex.M20_security_gate_wall Link=7
                Origin   1908.434000,-790.489100,-192.000000
                Normal   0.866027,-0.499997,0.000000
                TextureU -0.499996,-0.866027,0.000000
                TextureV 0.000000,0.000000,-1.000000
                Pan U=0 V=16896
                Vertex   1908.434000,-790.489100,-192.000000
                Vertex   1908.434000,-790.489100,192.000000
                Vertex   1638.812000,-1257.493000,192.000000
                Vertex   1638.812000,-1257.493000,-192.000000
            End Polygon
            Begin Polygon Item=Wall Texture=M20Tex.M20_security_gate_wall Link=8
                Origin   1638.812000,-1257.493000,-192.000000
                Normal   0.707110,-0.707103,0.000000
                TextureU -0.707103,-0.707109,0.000000
                TextureV 0.000000,0.000000,-1.000000
                Pan U=0 V=16896
                Vertex   1638.812000,-1257.493000,-192.000000
                Vertex   1638.812000,-1257.493000,192.000000
                Vertex   1257.508000,-1638.800000,192.000000
                Vertex   1257.508000,-1638.800000,-192.000000
            End Polygon
            Begin Polygon Item=Wall Texture=M20Tex.M20_security_gate_wall Link=9
                Origin   1257.508000,-1638.800000,-192.000000
                Normal   0.500004,-0.866023,0.000000
                TextureU -0.866022,-0.500004,0.000000
                TextureV 0.000000,0.000000,-1.000000
                Pan U=0 V=16896
                Vertex   1257.508000,-1638.800000,-192.000000
                Vertex   1257.508000,-1638.800000,192.000000
                Vertex   790.506000,-1908.427000,192.000000
                Vertex   790.506000,-1908.427000,-192.000000
            End Polygon
            Begin Polygon Item=Wall Texture=M20Tex.M20_security_gate_wall Link=10
                Origin   790.506000,-1908.427000,-192.000000
                Normal   0.258825,-0.965924,0.000000
                TextureU -0.965924,-0.258823,0.000000
                TextureV 0.000000,0.000000,-1.000000
                Pan U=0 V=16896
                Vertex   790.506000,-1908.427000,-192.000000
                Vertex   790.506000,-1908.427000,192.000000
                Vertex   269.633900,-2047.997000,192.000000
                Vertex   269.633900,-2047.997000,-192.000000
            End Polygon
            Begin Polygon Item=Wall Texture=M20Tex.M20_security_gate_wall Link=11
                Origin   269.633900,-2047.997000,-192.000000
                Normal   0.000004,-1.000000,0.000000
                TextureU -0.999999,-0.000005,0.000000
                TextureV 0.000000,0.000000,-1.000000
                Pan U=0 V=16896
                Vertex   269.633900,-2047.997000,-192.000000
                Vertex   269.633900,-2047.997000,192.000000
                Vertex   -269.615000,-2047.999000,192.000000
                Vertex   -269.615000,-2047.999000,-192.000000
            End Polygon
            Begin Polygon Item=Wall Texture=M20Tex.M20_security_gate_wall Link=12
                Origin   -269.615000,-2047.999000,-192.000000
                Normal   -0.258814,-0.965927,0.000000
                TextureU -0.965926,0.258814,0.000000
                TextureV 0.000000,0.000000,-1.000000
                Pan U=0 V=16896
                Vertex   -269.615000,-2047.999000,-192.000000
                Vertex   -269.615000,-2047.999000,192.000000
                Vertex   -790.489400,-1908.434000,192.000000
                Vertex   -790.489400,-1908.434000,-192.000000
            End Polygon
            Begin Polygon Item=Wall Texture=M20Tex.M20_security_gate_wall Link=13
                Origin   -790.489400,-1908.434000,-192.000000
                Normal   -0.499997,-0.866027,0.000000
                TextureU -0.866027,0.499996,0.000000
                TextureV 0.000000,0.000000,-1.000000
                Pan U=0 V=16896
                Vertex   -790.489400,-1908.434000,-192.000000
                Vertex   -790.489400,-1908.434000,192.000000
                Vertex   -1257.493000,-1638.812000,192.000000
                Vertex   -1257.493000,-1638.812000,-192.000000
            End Polygon
            Begin Polygon Item=Wall Texture=M20Tex.M20_security_gate_wall Link=14
                Origin   -1257.493000,-1638.812000,-192.000000
                Normal   -0.707103,-0.707110,0.000000
                TextureU -0.707109,0.707103,0.000000
                TextureV 0.000000,0.000000,-1.000000
                Pan U=0 V=16896
                Vertex   -1257.493000,-1638.812000,-192.000000
                Vertex   -1257.493000,-1638.812000,192.000000
                Vertex   -1638.801000,-1257.508000,192.000000
                Vertex   -1638.801000,-1257.508000,-192.000000
            End Polygon
            Begin Polygon Item=Wall Texture=M20Tex.M20_security_gate_wall Link=15
                Origin   -1638.801000,-1257.508000,-192.000000
                Normal   -0.866023,-0.500004,0.000000
                TextureU -0.500004,0.866022,0.000000
                TextureV 0.000000,0.000000,-1.000000
                Pan U=0 V=16896
                Vertex   -1638.801000,-1257.508000,-192.000000
                Vertex   -1638.801000,-1257.508000,192.000000
                Vertex   -1908.427000,-790.506200,192.000000
                Vertex   -1908.427000,-790.506200,-192.000000
            End Polygon
            Begin Polygon Item=Wall Texture=M20Tex.M20_security_gate_wall Link=16
                Origin   -1908.427000,-790.506200,-192.000000
                Normal   -0.965925,-0.258823,0.000000
                TextureU -0.258823,0.965924,0.000000
                TextureV 0.000000,0.000000,-1.000000
                Pan U=0 V=16896
                Vertex   -1908.427000,-790.506200,-192.000000
                Vertex   -1908.427000,-790.506200,192.000000
                Vertex   -2047.997000,-269.633000,192.000000
                Vertex   -2047.997000,-269.633000,-192.000000
            End Polygon
            Begin Polygon Item=Wall Texture=M20Tex.M20_security_gate_wall Link=17
                Origin   -2047.997000,-269.633000,-192.000000
                Normal   -1.000000,-0.000004,0.000000
                TextureU -0.000004,0.999999,0.000000
                TextureV 0.000000,0.000000,-1.000000
                Pan U=0 V=16896
                Vertex   -2047.997000,-269.633000,-192.000000
                Vertex   -2047.997000,-269.633000,192.000000
                Vertex   -2047.999000,269.615000,192.000000
                Vertex   -2047.999000,269.615000,-192.000000
            End Polygon
            Begin Polygon Item=Wall Texture=M20Tex.M20_security_gate_wall Link=18
                Origin   -2047.999000,269.615000,-192.000000
                Normal   -0.965927,0.258814,0.000000
                TextureU 0.258814,0.965926,0.000000
                TextureV 0.000000,0.000000,-1.000000
                Pan U=0 V=16896
                Vertex   -2047.999000,269.615000,-192.000000
                Vertex   -2047.999000,269.615000,192.000000
                Vertex   -1908.434000,790.489400,192.000000
                Vertex   -1908.434000,790.489400,-192.000000
            End Polygon
            Begin Polygon Item=Wall Texture=M20Tex.M20_security_gate_wall Link=19
                Origin   -1908.434000,790.489400,-192.000000
                Normal   -0.866028,0.499996,0.000000
                TextureU 0.499996,0.866027,0.000000
                TextureV 0.000000,0.000000,-1.000000
                Pan U=0 V=16896
                Vertex   -1908.434000,790.489400,-192.000000
                Vertex   -1908.434000,790.489400,192.000000
                Vertex   -1638.812000,1257.493000,192.000000
                Vertex   -1638.812000,1257.493000,-192.000000
            End Polygon
            Begin Polygon Item=Wall Texture=M20Tex.M20_security_gate_wall Link=20
                Origin   -1638.812000,1257.493000,-192.000000
                Normal   -0.707110,0.707104,0.000000
                TextureU 0.707103,0.707109,0.000000
                TextureV 0.000000,0.000000,-1.000000
                Pan U=0 V=16896
                Vertex   -1638.812000,1257.493000,-192.000000
                Vertex   -1638.812000,1257.493000,192.000000
                Vertex   -1257.508000,1638.801000,192.000000
                Vertex   -1257.508000,1638.801000,-192.000000
            End Polygon
            Begin Polygon Item=Wall Texture=M20Tex.M20_security_gate_wall Link=21
                Origin   -1257.508000,1638.801000,-192.000000
                Normal   -0.500004,0.866023,0.000000
                TextureU 0.866022,0.500004,0.000000
                TextureV 0.000000,0.000000,-1.000000
                Pan U=0 V=16896
                Vertex   -1257.508000,1638.801000,-192.000000
                Vertex   -1257.508000,1638.801000,192.000000
                Vertex   -790.506700,1908.427000,192.000000
                Vertex   -790.506700,1908.427000,-192.000000
            End Polygon
            Begin Polygon Item=Wall Texture=M20Tex.M20_security_gate_wall Link=22
                Origin   -790.506700,1908.427000,-192.000000
                Normal   -0.258823,0.965925,0.000000
                TextureU 0.965924,0.258823,0.000000
                TextureV 0.000000,0.000000,-1.000000
                Pan U=0 V=16896
                Vertex   -790.506700,1908.427000,-192.000000
                Vertex   -790.506700,1908.427000,192.000000
                Vertex   -269.632600,2047.997000,192.000000
                Vertex   -269.632600,2047.997000,-192.000000
            End Polygon
            Begin Polygon Item=Wall Texture=M20Tex.M20_security_gate_wall Link=23
                Origin   -269.632600,2047.997000,-192.000000
                Normal   -0.000005,1.000000,0.000000
                TextureU 0.999999,0.000004,0.000000
                TextureV 0.000000,0.000000,-1.000000
                Pan U=0 V=16896
                Vertex   -269.632600,2047.997000,-192.000000
                Vertex   -269.632600,2047.997000,192.000000
                Vertex   269.614500,2048.000000,192.000000
                Vertex   269.614500,2048.000000,-192.000000
            End Polygon
            Begin Polygon Item=Cap Texture=M20Tex.M20_security_gate_wall Link=24
                Origin   -269.632600,2047.997000,192.000000
                Normal   0.000000,0.000000,1.000000
                TextureU 0.258823,-0.965924,0.000000
                TextureV 0.965924,0.258823,0.000000
                Pan U=0 V=16896
                Vertex   -269.632600,2047.997000,192.000000
                Vertex   -790.506700,1908.427000,192.000000
                Vertex   -1257.508000,1638.801000,192.000000
                Vertex   -1638.812000,1257.493000,192.000000
                Vertex   -1908.434000,790.489400,192.000000
                Vertex   -2047.999000,269.615000,192.000000
                Vertex   -2047.997000,-269.633000,192.000000
                Vertex   -1908.427000,-790.506200,192.000000
                Vertex   -1638.801000,-1257.508000,192.000000
                Vertex   -1257.493000,-1638.812000,192.000000
                Vertex   -790.489400,-1908.434000,192.000000
                Vertex   -269.615000,-2047.999000,192.000000
                Vertex   269.633900,-2047.997000,192.000000
                Vertex   790.506000,-1908.427000,192.000000
                Vertex   1257.508000,-1638.800000,192.000000
                Vertex   1638.812000,-1257.493000,192.000000
            End Polygon
            Begin Polygon Item=Cap Texture=M20Tex.M20_security_gate_wall Link=25
                Origin   -269.632600,2047.997000,192.000000
                Normal   0.000000,0.000000,1.000000
                TextureU 0.866022,0.500003,0.000000
                TextureV -0.500003,0.866022,0.000000
                Pan U=0 V=16896
                Vertex   -269.632600,2047.997000,192.000000
                Vertex   1638.812000,-1257.493000,192.000000
                Vertex   1908.434000,-790.489100,192.000000
                Vertex   2048.000000,-269.614500,192.000000
                Vertex   2047.997000,269.633100,192.000000
                Vertex   1908.427000,790.506600,192.000000
                Vertex   1638.801000,1257.508000,192.000000
                Vertex   1257.493000,1638.812000,192.000000
                Vertex   790.489100,1908.434000,192.000000
                Vertex   269.614500,2048.000000,192.000000
            End Polygon
            Begin Polygon Item=Cap Texture=M20Tex.M20_patternfloor_01 Link=26
                Origin   -1930.040000,-1896.963000,-64.000000
                Normal   0.000000,0.000000,-1.000000
                TextureU -0.066667,0.000001,0.000000
                TextureV -0.000001,-0.066667,0.000000
                Pan U=0 V=16896
                Vertex   269.614500,2048.000000,-192.000000
                Vertex   790.489100,1908.434000,-192.000000
                Vertex   1257.493000,1638.812000,-192.000000
                Vertex   1638.801000,1257.508000,-192.000000
                Vertex   1908.427000,790.506600,-192.000000
                Vertex   2047.997000,269.633100,-192.000000
                Vertex   2048.000000,-269.614500,-192.000000
                Vertex   1908.434000,-790.489100,-192.000000
                Vertex   1638.812000,-1257.493000,-192.000000
                Vertex   1257.508000,-1638.800000,-192.000000
                Vertex   790.506000,-1908.427000,-192.000000
                Vertex   269.633900,-2047.997000,-192.000000
                Vertex   -269.615000,-2047.999000,-192.000000
                Vertex   -790.489400,-1908.434000,-192.000000
                Vertex   -1257.493000,-1638.812000,-192.000000
                Vertex   -1638.801000,-1257.508000,-192.000000
            End Polygon
            Begin Polygon Item=Cap Texture=M20Tex.M20_patternfloor_01 Link=26
                Origin   -1930.040000,-1896.963000,-64.000000
                Normal   0.000000,0.000000,-1.000000
                TextureU -0.066667,0.000001,0.000000
                TextureV -0.000001,-0.066667,0.000000
                Pan U=0 V=16896
                Vertex   269.614500,2048.000000,-192.000000
                Vertex   -1638.801000,-1257.508000,-192.000000
                Vertex   -1908.427000,-790.506200,-192.000000
                Vertex   -2047.997000,-269.633000,-192.000000
                Vertex   -2047.999000,269.615000,-192.000000
                Vertex   -1908.434000,790.489400,-192.000000
                Vertex   -1638.812000,1257.493000,-192.000000
                Vertex   -1257.508000,1638.801000,-192.000000
                Vertex   -790.506700,1908.427000,-192.000000
                Vertex   -269.632600,2047.997000,-192.000000
            End Polygon
        End PolyList
    End Brush
    CsgOper=CSG_Subtract
    MainScale=(Scale=(X=1.000000,Y=1.000000,Z=1.000000),SheerRate=0.000000,SheerAxis=SHEER_ZX)
    PostScale=(Scale=(X=1.000000,Y=1.000000,Z=1.000000),SheerRate=0.000000,SheerAxis=SHEER_ZX)
    Level=LevelInfo'LevelInfo0'
    Region=(Zone=ZoneInfo'ZoneInfo10',iLeaf=446,ZoneNumber=1)
    Tag=Brush
    PhysicsVolume=DefaultPhysicsVolume'DefaultPhysicsVolume12'
    Location=(X=0.000000,Y=0.000000,Z=64.000000)
    Brush=Model'Model40'
End Actor
Begin Actor Class=Brush Name=Brush41
    Begin Brush Name=Model35
        Begin PolyList Name=Polys1772
            Begin Polygon Texture=M20Tex.M20_security_gate_wall
                Origin   -4608.000000,-0.000011,-896.000000
                Normal   0.000000,1.000000,0.000000
                TextureU -0.055555,0.000000,0.000002
                TextureV 0.000000,0.000000,-0.099998
                Pan U=0 V=16896
                Vertex   -2048.000000,-0.000011,-128.000000
                Vertex   -4608.000000,0.000213,2432.000000
                Vertex   0.000000,0.000213,2432.000000
                Vertex   0.000000,-0.000011,-128.000000
            End Polygon
            Begin Polygon Texture=M20Tex.M20_security_gate_wall Link=1
                Origin   0.000000,-0.000011,-896.000000
                Normal   0.000000,1.000000,0.000000
                TextureU 0.055555,0.000000,-0.000002
                TextureV 0.000000,0.000000,0.099998
                Pan U=0 V=16896
                Vertex   0.000000,-0.000011,-128.000000
                Vertex   0.000000,0.000213,2432.000000
                Vertex   4608.000000,0.000213,2432.000000
                Vertex   2048.000000,-0.000011,-128.000000
            End Polygon
            Begin Polygon Texture=M20Tex.M20_security_gate_wall Link=2
                Origin   -2048.000000,-0.000011,-128.000000
                Normal   0.000000,0.000000,-1.000000
                TextureU 0.000000,-1.000000,0.000000
                TextureV -1.000000,0.000000,0.000000
                Pan U=0 V=16896
                Vertex   -2048.000000,-0.000011,-128.000000
                Vertex   0.000000,-0.000011,-128.000000
                Vertex   -1978.400000,-529.600000,-128.000000
            End Polygon
            Begin Polygon Texture=SG_Icons.sky Flags=4194432 Link=3
                Origin   -4608.000000,-1191.500000,-896.000000
                Normal   -0.704075,-0.092576,-0.704065
                TextureU 0.006978,-0.053061,0.000001
                TextureV 0.012174,0.001602,-0.012385
                Pan U=0 V=16896
                Vertex   -4608.000000,0.000213,2432.000000
                Vertex   -2048.000000,-0.000011,-128.000000
                Vertex   -1978.400000,-529.600000,-128.000000
                Vertex   -4451.300000,-1191.500000,2432.000000
            End Polygon
            Begin Polygon Texture=M20Tex.M20_security_gate_wall Link=4
                Origin   -4608.000000,-1191.500000,1664.000000
                Normal   0.000000,0.000000,1.000000
                TextureU 0.028016,-0.213020,0.000000
                TextureV -0.055080,-0.007243,0.000000
                Pan U=0 V=16896
                Vertex   -4608.000000,0.000213,2432.000000
                Vertex   -4451.300000,-1191.500000,2432.000000
                Vertex   0.000000,0.000213,2432.000000
            End Polygon
            Begin Polygon Texture=M20Tex.M20_security_gate_wall Link=5
                Origin   -1978.400000,-529.600000,-128.000000
                Normal   0.000000,0.000000,-1.000000
                TextureU 0.258586,-0.965988,0.000000
                TextureV -0.965988,-0.258586,0.000000
                Pan U=0 V=16896
                Vertex   -1978.400000,-529.600000,-128.000000
                Vertex   0.000000,-0.000011,-128.000000
                Vertex   -1773.800000,-1023.800000,-127.999900
            End Polygon
            Begin Polygon Texture=SG_Icons.sky Flags=4194432 Link=6
                Origin   -4451.300000,-2303.500000,-895.999900
                Normal   -0.656139,-0.271655,-0.704050
                TextureU -0.013739,0.033187,-0.000001
                TextureV -0.011242,-0.004655,0.012273
                Pan U=0 V=16896
                Vertex   -4451.300000,-1191.500000,2432.000000
                Vertex   -1978.400000,-529.600000,-128.000000
                Vertex   -1773.800000,-1023.800000,-127.999900
                Vertex   -3990.900000,-2303.500000,2432.000000
            End Polygon
            Begin Polygon Texture=M20Tex.M20_security_gate_wall Link=7
                Origin   -4451.300000,-2303.500000,1664.000000
                Normal   0.000000,0.000000,1.000000
                TextureU -0.042514,0.102682,0.000000
                TextureV 0.053136,0.021999,0.000000
                Pan U=0 V=16896
                Vertex   -4451.300000,-1191.500000,2432.000000
                Vertex   -3990.900000,-2303.500000,2432.000000
                Vertex   0.000000,0.000213,2432.000000
            End Polygon
            Begin Polygon Texture=M20Tex.M20_security_gate_wall Link=8
                Origin   -1773.800000,-1023.800000,-127.999900
                Normal   0.000000,0.000000,-1.000000
                TextureU 0.499889,-0.866090,0.000000
                TextureV -0.866090,-0.499889,0.000000
                Pan U=0 V=16896
                Vertex   -1773.800000,-1023.800000,-127.999900
                Vertex   0.000000,-0.000011,-128.000000
                Vertex   -1448.200000,-1448.200000,-127.999900
            End Polygon
            Begin Polygon Texture=SG_Icons.sky Flags=4194432 Link=9
                Origin   -3990.900000,-3258.300000,-895.999900
                Normal   -0.563424,-0.432290,-0.704045
                TextureU -0.017483,0.022787,-0.000001
                TextureV -0.009907,-0.007602,0.012596
                Pan U=0 V=16896
                Vertex   -3990.900000,-2303.500000,2432.000000
                Vertex   -1773.800000,-1023.800000,-127.999900
                Vertex   -1448.200000,-1448.200000,-127.999900
                Vertex   -3258.300000,-3258.300000,2432.000000
            End Polygon
            Begin Polygon Texture=M20Tex.M20_security_gate_wall Link=10
                Origin   -3990.900000,-3258.300000,1664.000000
                Normal   0.000000,0.000000,1.000000
                TextureU -0.047828,0.062333,0.000000
                TextureV 0.050891,0.039047,0.000000
                Pan U=0 V=16896
                Vertex   -3990.900000,-2303.500000,2432.000000
                Vertex   -3258.300000,-3258.300000,2432.000000
                Vertex   0.000000,0.000213,2432.000000
            End Polygon
            Begin Polygon Texture=M20Tex.M20_security_gate_wall Link=11
                Origin   -1448.200000,-1448.200000,-127.999900
                Normal   0.000000,0.000000,-1.000000
                TextureU 0.707107,-0.707107,0.000000
                TextureV -0.707107,-0.707107,0.000000
                Pan U=0 V=16896
                Vertex   -1448.200000,-1448.200000,-127.999900
                Vertex   0.000000,-0.000011,-128.000000
                Vertex   -1024.500000,-1773.400000,-127.999800
            End Polygon
            Begin Polygon Texture=SG_Icons.sky Flags=4194432 Link=12
                Origin   -3258.300000,-3990.100000,-895.999900
                Normal   -0.432409,-0.563318,-0.704057
                TextureU 0.020347,-0.015620,0.000001
                TextureV 0.008091,0.010541,-0.013403
                Pan U=0 V=16896
                Vertex   -3258.300000,-3258.300000,2432.000000
                Vertex   -1448.200000,-1448.200000,-127.999900
                Vertex   -1024.500000,-1773.400000,-127.999800
                Vertex   -2305.000000,-3990.100000,2432.000000
            End Polygon
            Begin Polygon Texture=M20Tex.M20_security_gate_wall Link=13
                Origin   -3258.300000,-3990.100000,1664.000000
                Normal   0.000000,0.000000,1.000000
                TextureU 0.050893,-0.039067,0.000000
                TextureV -0.047842,-0.062322,0.000000
                Pan U=0 V=16896
                Vertex   -3258.300000,-3258.300000,2432.000000
                Vertex   -2305.000000,-3990.100000,2432.000000
                Vertex   0.000000,0.000213,2432.000000
            End Polygon
            Begin Polygon Texture=M20Tex.M20_security_gate_wall Link=14
                Origin   -1024.500000,-1773.400000,-127.999800
                Normal   0.000000,0.000000,-1.000000
                TextureU 0.865893,-0.500230,0.000000
                TextureV -0.500230,-0.865893,0.000000
                Pan U=0 V=16896
                Vertex   -1024.500000,-1773.400000,-127.999800
                Vertex   0.000000,-0.000011,-128.000000
                Vertex   -530.300000,-1978.100000,-127.999800
            End Polygon
            Begin Polygon Texture=SG_Icons.sky Flags=4194432 Link=15
                Origin   -2305.000000,-4450.800000,-895.999900
                Normal   -0.271820,-0.656060,-0.704059
                TextureU -0.022923,0.009500,-0.000001
                TextureV -0.005623,-0.013570,0.014816
                Pan U=0 V=16896
                Vertex   -2305.000000,-3990.100000,2432.000000
                Vertex   -1024.500000,-1773.400000,-127.999800
                Vertex   -530.300000,-1978.100000,-127.999800
                Vertex   -1193.200000,-4450.800000,2432.000000
            End Polygon
            Begin Polygon Texture=M20Tex.M20_security_gate_wall Link=16
                Origin   -2305.000000,-4450.800000,1664.000000
                Normal   0.000000,0.000000,1.000000
                TextureU -0.053137,0.022017,0.000000
                TextureV 0.042515,0.102601,0.000000
                Pan U=0 V=16896
                Vertex   -2305.000000,-3990.100000,2432.000000
                Vertex   -1193.200000,-4450.800000,2432.000000
                Vertex   0.000000,0.000213,2432.000000
            End Polygon
            Begin Polygon Texture=M20Tex.M20_security_gate_wall Link=17
                Origin   -530.300000,-1978.100000,-127.999800
                Normal   0.000000,0.000000,-1.000000
                TextureU 0.965893,-0.258942,0.000000
                TextureV -0.258942,-0.965893,0.000000
                Pan U=0 V=16896
                Vertex   -530.300000,-1978.100000,-127.999800
                Vertex   0.000000,-0.000011,-128.000000
                Vertex   0.000000,-2048.000000,-127.999800
            End Polygon
            Begin Polygon Texture=SG_Icons.sky Flags=4194432 Link=18
                Origin   -1193.200000,-4608.000000,-895.999800
                Normal   -0.092771,-0.704054,-0.704061
                TextureU 0.025345,-0.003340,0.000001
                TextureV 0.002214,0.016806,-0.017098
                Pan U=0 V=16896
                Vertex   -1193.200000,-4450.800000,2432.000000
                Vertex   -530.300000,-1978.100000,-127.999800
                Vertex   0.000000,-2048.000000,-127.999800
                Vertex   0.000000,-4608.000000,2432.000000
            End Polygon
            Begin Polygon Texture=M20Tex.M20_security_gate_wall Link=19
                Origin   -1193.200000,-4608.000000,1664.000000
                Normal   0.000000,0.000000,1.000000
                TextureU 0.055080,-0.007253,0.000000
                TextureV -0.028024,-0.212708,0.000000
                Pan U=0 V=16896
                Vertex   -1193.200000,-4450.800000,2432.000000
                Vertex   0.000000,-4608.000000,2432.000000
                Vertex   0.000000,0.000213,2432.000000
            End Polygon
            Begin Polygon Texture=M20Tex.M20_security_gate_wall Link=20
                Origin   0.000000,-2048.000000,-127.999800
                Normal   0.000000,0.000000,-1.000000
                TextureU 1.000000,0.000000,0.000000
                TextureV 0.000000,-1.000000,0.000000
                Pan U=0 V=16896
                Vertex   0.000000,-2048.000000,-127.999800
                Vertex   0.000000,-0.000011,-128.000000
                Vertex   529.600000,-1978.400000,-127.999800
            End Polygon
            Begin Polygon Texture=SG_Icons.sky Flags=4194432 Link=21
                Origin   0.000000,-4608.000000,-895.999800
                Normal   0.092576,-0.704075,-0.704065
                TextureU 0.027438,0.003607,0.000001
                TextureV -0.002682,0.020392,-0.020745
                Pan U=0 V=16896
                Vertex   0.000000,-4608.000000,2432.000000
                Vertex   0.000000,-2048.000000,-127.999800
                Vertex   529.600000,-1978.400000,-127.999800
                Vertex   1191.500000,-4451.300000,2432.000000
            End Polygon
            Begin Polygon Texture=M20Tex.M20_security_gate_wall Link=22
                Origin   0.000000,-4608.000000,1664.000000
                Normal   0.000000,0.000000,1.000000
                TextureU 0.055081,0.007247,0.000000
                TextureV 0.028016,-0.213020,0.000000
                Pan U=0 V=16896
                Vertex   0.000000,-4608.000000,2432.000000
                Vertex   1191.500000,-4451.300000,2432.000000
                Vertex   0.000000,0.000213,2432.000000
            End Polygon
            Begin Polygon Texture=M20Tex.M20_security_gate_wall Link=23
                Origin   529.600000,-1978.400000,-127.999800
                Normal   0.000000,0.000000,-1.000000
                TextureU 0.965988,0.258586,0.000000
                TextureV 0.258586,-0.965988,0.000000
                Pan U=0 V=16896
                Vertex   529.600000,-1978.400000,-127.999800
                Vertex   0.000000,-0.000011,-128.000000
                Vertex   1023.800000,-1773.800000,-127.999800
            End Polygon
            Begin Polygon Texture=SG_Icons.sky Flags=4194432 Link=24
                Origin   529.600000,-4451.300000,-895.999900
                Normal   0.271655,-0.656139,-0.704050
                TextureU -0.028720,-0.011889,-0.000002
                TextureV 0.010141,-0.024491,0.026738
                Pan U=0 V=16896
                Vertex   1191.500000,-4451.300000,2432.000000
                Vertex   529.600000,-1978.400000,-127.999800
                Vertex   1023.800000,-1773.800000,-127.999800
                Vertex   2303.500000,-3990.900000,2432.000000
            End Polygon
            Begin Polygon Texture=M20Tex.M20_security_gate_wall Link=25
                Origin   0.000000,-4451.300000,1664.000000
                Normal   0.000000,0.000000,1.000000
                TextureU -0.053136,-0.022002,0.000000
                TextureV -0.042514,0.102682,0.000000
                Pan U=0 V=16896
                Vertex   1191.500000,-4451.300000,2432.000000
                Vertex   2303.500000,-3990.900000,2432.000000
                Vertex   0.000000,0.000213,2432.000000
            End Polygon
            Begin Polygon Texture=M20Tex.M20_security_gate_wall Link=26
                Origin   1023.800000,-1773.800000,-127.999800
                Normal   0.000000,0.000000,-1.000000
                TextureU 0.866090,0.499889,0.000000
                TextureV 0.499889,-0.866090,0.000000
                Pan U=0 V=16896
                Vertex   1023.800000,-1773.800000,-127.999800
                Vertex   0.000000,-0.000011,-128.000000
                Vertex   1448.200000,-1448.200000,-127.999900
            End Polygon
            Begin Polygon Texture=SG_Icons.sky Flags=4194432 Link=27
                Origin   1023.800000,-3990.900000,-895.999900
                Normal   0.432290,-0.563424,-0.704045
                TextureU -0.028451,-0.021827,-0.000002
                TextureV 0.022564,-0.029406,0.037387
                Pan U=0 V=16896
                Vertex   2303.500000,-3990.900000,2432.000000
                Vertex   1023.800000,-1773.800000,-127.999800
                Vertex   1448.200000,-1448.200000,-127.999900
                Vertex   3258.300000,-3258.300000,2432.000000
            End Polygon
            Begin Polygon Texture=M20Tex.M20_security_gate_wall Link=28
                Origin   0.000000,-3990.900000,1664.000000
                Normal   0.000000,0.000000,1.000000
                TextureU -0.050891,-0.039049,0.000000
                TextureV -0.047828,0.062333,0.000000
                Pan U=0 V=16896
                Vertex   2303.500000,-3990.900000,2432.000000
                Vertex   3258.300000,-3258.300000,2432.000000
                Vertex   0.000000,0.000213,2432.000000
            End Polygon
            Begin Polygon Texture=M20Tex.M20_security_gate_wall Link=29
                Origin   1448.200000,-1448.200000,-127.999900
                Normal   0.000000,0.000000,-1.000000
                TextureU 0.707107,0.707107,0.000000
                TextureV 0.707107,-0.707107,0.000000
                Pan U=0 V=16896
                Vertex   1448.200000,-1448.200000,-127.999900
                Vertex   0.000000,-0.000011,-128.000000
                Vertex   1773.400000,-1024.500000,-127.999900
            End Polygon
            Begin Polygon Texture=SG_Icons.sky Flags=4194432 Link=30
                Origin   1448.200000,-3258.300000,-895.999900
                Normal   0.563318,-0.432409,-0.704057
                TextureU 0.025696,0.033467,0.000004
                TextureV -0.046280,0.035526,-0.058848
                Pan U=0 V=16896
                Vertex   3258.300000,-3258.300000,2432.000000
                Vertex   1448.200000,-1448.200000,-127.999900
                Vertex   1773.400000,-1024.500000,-127.999900
                Vertex   3990.100000,-2305.000000,2432.000000
            End Polygon
            Begin Polygon Texture=M20Tex.M20_security_gate_wall Link=31
                Origin   0.000000,-3258.300000,1664.000000
                Normal   0.000000,0.000000,1.000000
                TextureU 0.047841,0.062323,0.000000
                TextureV 0.050893,-0.039067,0.000000
                Pan U=0 V=16896
                Vertex   3258.300000,-3258.300000,2432.000000
                Vertex   3990.100000,-2305.000000,2432.000000
                Vertex   0.000000,0.000213,2432.000000
            End Polygon
            Begin Polygon Texture=M20Tex.M20_security_gate_wall Link=32
                Origin   1773.400000,-1024.500000,-127.999900
                Normal   0.000000,0.000000,-1.000000
                TextureU 0.500230,0.865893,0.000000
                TextureV 0.865893,-0.500230,0.000000
                Pan U=0 V=16896
                Vertex   1773.400000,-1024.500000,-127.999900
                Vertex   0.000000,-0.000011,-128.000000
